timestamp	rx_power
70.00000523	-35.1551
70.001528235	-35.1551
70.00169624	-35.1551
70.02500524	-34.7223
70.026528245	-34.7223
70.02669625	-34.7223
70.05000525	-33.8863
70.051528255	-33.8863
70.05169626	-33.8863
70.07500526	-35.6034
70.076528265	-35.6034
70.07669627	-35.6034
70.10000527	-41.6528
70.101528276	-41.6528
70.101696282	-41.6528
70.125005282	-39.7963
70.126528288	-39.7963
70.126696294	-39.7963
70.150005294	-32.212
70.1515283	-32.212
70.151696306	-32.212
70.175005306	-32.0511
70.176528312	-32.0511
70.176696318	-32.0511
70.200005318	-38.9224
70.201528324	-38.9224
70.20169633	-38.9224
70.22500533	-38.903
70.226528336	-38.903
70.226696342	-38.903
70.250005342	-34.0696
70.251528348	-34.0696
70.251696354	-34.0696
70.275005354	-35.9199
70.27652836	-35.9199
70.276696366	-35.9199
70.300005366	-39.3558
70.301528372	-39.3558
70.301696378	-39.3558
70.325005378	-36.3974
70.326528384	-36.3974
70.32669639	-36.3974
70.35000539	-34.9038
70.351528396	-34.9038
70.351696402	-34.9038
70.375005402	-33.8411
70.376528408	-33.8411
70.376696414	-33.8411
70.400005414	-35.8085
70.40152842	-35.8085
70.401696426	-35.8085
70.425005426	-34.3733
70.426528432	-34.3733
70.426696438	-34.3733
70.450005438	-35.4487
70.451528445	-35.4487
70.451696452	-35.4487
70.475005452	-37.4754
70.476528459	-37.4754
70.476696466	-37.4754
70.500005466	-41.3823
70.501528473	-41.3823
70.50169648	-41.3823
70.52500548	-37.5673
70.526528487	-37.5673
70.526696494	-37.5673
70.550005494	-43.7622
70.5515285	-43.7622
70.551696506	-43.7622
70.575005506	-37.8982
70.576528512	-37.8982
70.576696518	-37.8982
70.600005518	-34.8221
70.601528524	-34.8221
70.60169653	-34.8221
70.62500553	-33.4375
70.626528536	-33.4375
70.626696542	-33.4375
70.650005542	-38.2066
70.651528548	-38.2066
70.651696554	-38.2066
70.675005554	-41.4306
70.67652856	-41.4306
70.676696566	-41.4306
70.700005566	-37.8194
70.701528572	-37.8194
70.701696578	-37.8194
70.725005578	-36.7195
70.726528584	-36.7195
70.72669659	-36.7195
70.75000559	-33.53
70.751528596	-33.53
70.751696602	-33.53
70.775005602	-34.1479
70.776528608	-34.1479
70.776696614	-34.1479
70.800005614	-36.5807
70.80152862	-36.5807
70.801696626	-36.5807
70.825005626	-35.7184
70.826528632	-35.7184
70.826696638	-35.7184
70.850005638	-35.2573
70.851528644	-35.2573
70.85169665	-35.2573
70.87500565	-33.6484
70.876528655	-33.6484
70.87669666	-33.6484
70.90000566	-35.5903
70.901528665	-35.5903
70.90169667	-35.5903
70.92500567	-35.4631
70.926528675	-35.4631
70.92669668	-35.4631
70.95000568	-32.5746
70.951528685	-32.5746
70.95169669	-32.5746
70.97500569	-32.267
70.976528695	-32.267
70.9766967	-32.267
71.0000057	-32.1625
71.001528705	-32.1625
71.00169671	-32.1625
71.02500571	-36.0499
71.026528715	-36.0499
71.02669672	-36.0499
71.05000572	-37.1995
71.051528725	-37.1995
71.05169673	-37.1995
71.07500573	-34.7745
71.076528735	-34.7745
71.07669674	-34.7745
71.10000574	-32.0898
71.101528745	-32.0898
71.10169675	-32.0898
71.12500575	-30.2918
71.126528755	-30.2918
71.12669676	-30.2918
71.15000576	-34.2227
71.151528765	-34.2227
71.15169677	-34.2227
71.17500577	-34.8866
71.176528775	-34.8866
71.17669678	-34.8866
71.20000578	-33.1814
71.201528785	-33.1814
71.20169679	-33.1814
71.22500579	-32.2723
71.226528794	-32.2723
71.226696798	-32.2723
71.250005798	-30.5499
71.251528802	-30.5499
71.251696806	-30.5499
71.275005806	-31.9646
71.27652881	-31.9646
71.276696814	-31.9646
71.300005814	-32.0626
71.301528818	-32.0626
71.301696822	-32.0626
71.325005822	-32.1415
71.326528826	-32.1415
71.32669683	-32.1415
71.35000583	-32.6891
71.351528834	-32.6891
71.351696838	-32.6891
71.375005838	-31.2621
71.376528842	-31.2621
71.376696846	-31.2621
71.400005846	-32.0601
71.40152885	-32.0601
71.401696854	-32.0601
71.425005854	-30.1855
71.426528858	-30.1855
71.426696862	-30.1855
71.450005862	-29.8363
71.451528866	-29.8363
71.45169687	-29.8363
71.47500587	-33.0572
71.476528874	-33.0572
71.476696878	-33.0572
71.500005878	-32.9889
71.501528882	-32.9889
71.501696886	-32.9889
71.525005886	-31.1147
71.52652889	-31.1147
71.526696894	-31.1147
71.550005894	-29.5674
71.551528898	-29.5674
71.551696902	-29.5674
71.575005902	-29.8442
71.576528905	-29.8442
71.576696908	-29.8442
71.600005908	-33.2204
71.601528911	-33.2204
71.601696914	-33.2204
71.625005914	-32.8419
71.626528917	-32.8419
71.62669692	-32.8419
71.65000592	-31.192
71.651528923	-31.192
71.651696926	-31.192
71.675005926	-30.0946
71.676528929	-30.0946
71.676696932	-30.0946
71.680025	-30.0946
71.700008	-30.6847
71.701531003	-30.6847
71.701699006	-30.6847
71.725008006	-31.0643
71.726531009	-31.0643
71.726699012	-31.0643
71.750008012	-31.2004
71.751531015	-31.2004
71.751699018	-31.2004
71.775008018	-34.7741
71.776531021	-34.7741
71.776699024	-34.7741
71.800008024	-31.6348
71.801531027	-31.6348
71.80169903	-31.6348
71.82500803	-29.3383
71.826531033	-29.3383
71.826699036	-29.3383
71.850008036	-28.9029
71.851531039	-28.9029
71.851699042	-28.9029
71.875008042	-28.7507
71.876531045	-28.7507
71.876699048	-28.7507
71.900008048	-28.5434
71.901531051	-28.5434
71.901699054	-28.5434
71.925008054	-28.9065
71.926531057	-28.9065
71.92669906	-28.9065
71.95000806	-29.1634
71.951531063	-29.1634
71.951699066	-29.1634
71.975008066	-26.3697
71.976531069	-26.3697
71.976699072	-26.3697
72.000008072	-26.7464
72.001531075	-26.7464
72.001699078	-26.7464
72.025008078	-28.1499
72.02653108	-28.1499
72.026699082	-28.1499
72.050008082	-29.584
72.051531084	-29.584
72.051699086	-29.584
72.075008086	-25.9174
72.076531088	-25.9174
72.07669909	-25.9174
72.10000809	-26.8117
72.101531092	-26.8117
72.101699094	-26.8117
72.125008094	-27.1314
72.126531096	-27.1314
72.126699098	-27.1314
72.150008098	-27.9695
72.1515311	-27.9695
72.151699102	-27.9695
72.175008102	-26.6004
72.176531104	-26.6004
72.176699106	-26.6004
72.200008106	-23.9608
72.201531108	-23.9608
72.20169911	-23.9608
72.22500811	-26.3976
72.226531112	-26.3976
72.226699114	-26.3976
72.250008114	-25.7767
72.251531116	-25.7767
72.251699118	-25.7767
72.275008118	-24.2905
72.27653112	-24.2905
72.276699122	-24.2905
72.300008122	-24.9797
72.301531124	-24.9797
72.301699126	-24.9797
72.325008126	-23.7089
72.326531128	-23.7089
72.32669913	-23.7089
72.35000813	-24.5506
72.351531132	-24.5506
72.351699134	-24.5506
72.375008134	-23.0814
72.376531135	-23.0814
72.376699136	-23.0814
72.400008136	-23.1426
72.401531137	-23.1426
72.401699138	-23.1426
72.425008138	-23.7882
72.426531139	-23.7882
72.42669914	-23.7882
72.45000814	-21.7258
72.451531141	-21.7258
72.451699142	-21.7258
72.475008142	-22.1018
72.476531143	-22.1018
72.476699144	-22.1018
72.500008144	-21.6221
72.501531145	-21.6221
72.501699146	-21.6221
72.525008146	-21.2168
72.526531147	-21.2168
72.526699148	-21.2168
72.550008148	-21.6516
72.551531149	-21.6516
72.55169915	-21.6516
72.57500815	-20.0982
72.576531151	-20.0982
72.576699152	-20.0982
72.600008152	-19.4261
72.601531153	-19.4261
72.601699154	-19.4261
72.625008154	-19.8064
72.626531155	-19.8064
72.626699156	-19.8064
72.650008156	-20.2237
72.651531157	-20.2237
72.651699158	-20.2237
72.675008158	-19.7615
72.676531159	-19.7615
72.67669916	-19.7615
72.70000816	-19.3941
72.701531161	-19.3941
72.701699162	-19.3941
72.725008162	-19.4106
72.726531163	-19.4106
72.726699164	-19.4106
72.750008164	-19.7231
72.751531165	-19.7231
72.751699166	-19.7231
72.775008166	-20.0883
72.776531167	-20.0883
72.776699168	-20.0883
72.800008168	-19.7199
72.801531169	-19.7199
72.80169917	-19.7199
72.82500817	-19.8411
72.826531171	-19.8411
72.826699172	-19.8411
72.850008172	-20.2464
72.851531173	-20.2464
72.851699174	-20.2464
72.875008174	-21.1023
72.876531175	-21.1023
72.876699176	-21.1023
72.900008176	-21.3998
72.901531177	-21.3998
72.901699178	-21.3998
72.925008178	-21.3339
72.926531179	-21.3339
72.92669918	-21.3339
72.95000818	-20.9685
72.951531181	-20.9685
72.951699182	-20.9685
72.975008182	-21.1471
72.976531183	-21.1471
72.976699184	-21.1471
73.000008184	-22.7141
73.001531185	-22.7141
73.001699186	-22.7141
73.025008186	-23.777
73.026531187	-23.777
73.026699188	-23.777
73.050008188	-24.0448
73.051531189	-24.0448
73.05169919	-24.0448
73.07500819	-24.2876
73.076531192	-24.2876
73.076699194	-24.2876
73.100008194	-25.3678
73.101531196	-25.3678
73.101699198	-25.3678
73.125008198	-24.8298
73.1265312	-24.8298
73.126699202	-24.8298
73.150008202	-23.4224
73.151531204	-23.4224
73.151699206	-23.4224
73.175008206	-24.3695
73.176531208	-24.3695
73.17669921	-24.3695
73.20000821	-25.5487
73.201531212	-25.5487
73.201699214	-25.5487
73.225008214	-26.0007
73.226531216	-26.0007
73.226699218	-26.0007
73.250008218	-25.4558
73.25153122	-25.4558
73.251699222	-25.4558
73.275008222	-27.3568
73.276531224	-27.3568
73.276699226	-27.3568
73.300008226	-26.5825
73.301531228	-26.5825
73.30169923	-26.5825
73.32500823	-25.6866
73.326531232	-25.6866
73.326699234	-25.6866
73.350008234	-25.4466
73.351531236	-25.4466
73.351699238	-25.4466
73.375008238	-27.771
73.37653124	-27.771
73.376699242	-27.771
73.400008242	-28.2329
73.401531244	-28.2329
73.401699246	-28.2329
73.425008246	-28.5785
73.426531249	-28.5785
73.426699252	-28.5785
73.450008252	-29.2316
73.451531255	-29.2316
73.451699258	-29.2316
73.475008258	-29.4429
73.476531261	-29.4429
73.476699264	-29.4429
73.500008264	-27.1325
73.501531267	-27.1325
73.50169927	-27.1325
73.52500827	-26.7503
73.526531273	-26.7503
73.526699276	-26.7503
73.550008276	-29.3344
73.551531279	-29.3344
73.551699282	-29.3344
73.575008282	-31.9023
73.576531285	-31.9023
73.576699288	-31.9023
73.600008288	-31.4146
73.601531291	-31.4146
73.601699294	-31.4146
73.625008294	-29.3103
73.626531297	-29.3103
73.6266993	-29.3103
73.6500083	-30.7022
73.651531303	-30.7022
73.651699306	-30.7022
73.675008306	-31.0929
73.676531309	-31.0929
73.676699312	-31.0929
73.700008312	-30.4391
73.701531315	-30.4391
73.701699318	-30.4391
73.725008318	-28.4747
73.726531321	-28.4747
73.726699324	-28.4747
73.750008324	-30.0353
73.751531328	-30.0353
73.751699332	-30.0353
73.775008332	-31.7882
73.776531336	-31.7882
73.77669934	-31.7882
73.80000834	-35.2485
73.801531344	-35.2485
73.801699348	-35.2485
73.825008348	-31.8941
73.826531352	-31.8941
73.826699356	-31.8941
73.850008356	-31.6314
73.85153136	-31.6314
73.851699364	-31.6314
73.875008364	-31.6653
73.876531368	-31.6653
73.876699372	-31.6653
73.900008372	-33.051
73.901531376	-33.051
73.90169938	-33.051
73.92500838	-32.1323
73.926531384	-32.1323
73.926699388	-32.1323
73.950008388	-30.5517
73.951531392	-30.5517
73.951699396	-30.5517
73.975008396	-30.6174
73.9765314	-30.6174
73.976699404	-30.6174
74.000008404	-31.8309
74.001531408	-31.8309
74.001699412	-31.8309
74.025008412	-36.0054
74.026531416	-36.0054
74.02669942	-36.0054
74.05000842	-36.8334
74.051531425	-36.8334
74.05169943	-36.8334
74.07500843	-35.8451
74.076531435	-35.8451
74.07669944	-35.8451
74.10000844	-32.0745
74.101531445	-32.0745
74.10169945	-32.0745
74.12500845	-32.3614
74.126531455	-32.3614
74.12669946	-32.3614
74.15000846	-32.6738
74.151531465	-32.6738
74.15169947	-32.6738
74.17500847	-33.8399
74.176531475	-33.8399
74.17669948	-33.8399
74.20000848	-33.7589
74.201531485	-33.7589
74.20169949	-33.7589
74.22500849	-32.3778
74.226531495	-32.3778
74.2266995	-32.3778
74.2500085	-33.0147
74.251531505	-33.0147
74.25169951	-33.0147
74.27500851	-32.6333
74.276531515	-32.6333
74.27669952	-32.6333
74.30000852	-35.56
74.301531525	-35.56
74.30169953	-35.56
74.32500853	-37.1732
74.326531535	-37.1732
74.32669954	-37.1732
74.35000854	-38.9297
74.351531546	-38.9297
74.351699552	-38.9297
74.375008552	-37.1129
74.376531558	-37.1129
74.376699564	-37.1129
74.400008564	-34.6769
74.40153157	-34.6769
74.401699576	-34.6769
74.425008576	-34.0145
74.426531582	-34.0145
74.426699588	-34.0145
74.450008588	-32.186
74.451531594	-32.186
74.4516996	-32.186
74.4750086	-34.789
74.476531606	-34.789
74.476699612	-34.789
74.500008612	-34.7564
74.501531618	-34.7564
74.501699624	-34.7564
74.525008624	-35.4971
74.52653163	-35.4971
74.526699636	-35.4971
74.550008636	-34.6712
74.551531642	-34.6712
74.551699648	-34.6712
74.575008648	-32.9542
74.576531654	-32.9542
74.57669966	-32.9542
74.60000866	-35.0386
74.601531666	-35.0386
74.601699672	-35.0386
74.625008672	-34.571
74.626531678	-34.571
74.626699684	-34.571
74.650008684	-39.1503
74.651531691	-39.1503
74.651699698	-39.1503
74.675008698	-41.1067
74.676531705	-41.1067
74.676699712	-41.1067
74.700008712	-41.6281
74.701531719	-41.6281
74.701699726	-41.6281
74.725008726	-40.1083
74.726531733	-40.1083
74.72669974	-40.1083
74.75000874	-34.9347
74.751531747	-34.9347
74.751699754	-34.9347
74.775008754	-34.9504
74.776531761	-34.9504
74.776699768	-34.9504
74.800008768	-34.1771
74.801531775	-34.1771
74.801699782	-34.1771
74.825008782	-36.6929
74.826531789	-36.6929
74.826699796	-36.6929
74.850008796	-36.7782
74.851531803	-36.7782
74.85169981	-36.7782
74.87500881	-34.2964
74.876531817	-34.2964
74.876699824	-34.2964
74.900008824	-35.396
74.901531831	-35.396
74.901699838	-35.396
74.925008838	-35.1698
74.926531845	-35.1698
74.926699852	-35.1698
74.950008852	-36.7588
74.95153186	-36.7588
74.951699868	-36.7588
74.975008868	-38.0677
74.976531876	-38.0677
74.976699884	-38.0677
75.000008884	-36.3538
75.001531892	-36.3538
75.0016999	-36.3538
75.0250089	-37.1636
75.026531908	-37.1636
75.026699916	-37.1636
75.050008916	-38.1409
75.051531924	-38.1409
75.051699932	-38.1409
75.075008932	-38.1501
75.07653194	-38.1501
75.076699948	-38.1501
75.100008948	-43.659
75.101531956	-43.659
75.101699964	-43.659
75.125008964	-42.3898
75.126531972	-42.3898
75.12669998	-42.3898
75.15000898	-45.503
75.151531988	-45.503
75.151699996	-45.503
75.175008996	-42.754
75.176532004	-42.754
75.176700012	-42.754
75.200000012	-37.5461
75.20152302	-37.5461
75.201691028	-37.5461
75.225000028	-38.561
75.226523036	-38.561
75.226691044	-38.561
75.250000044	-36.3322
75.251523052	-36.3322
75.25169106	-36.3322
75.27500006	-36.8877
75.276523069	-36.8877
75.276691078	-36.8877
75.300000078	-37.7835
75.301523087	-37.7835
75.301691096	-37.7835
75.325000096	-36.0333
75.326523105	-36.0333
75.326691114	-36.0333
75.350000114	-38.3379
75.351523123	-38.3379
75.351691132	-38.3379
75.375000132	-37.6336
75.376523141	-37.6336
75.37669115	-37.6336
75.40000015	-35.4896
75.401523159	-35.4896
75.401691168	-35.4896
75.425000168	-38.4656
75.426523177	-38.4656
75.426691186	-38.4656
75.450000186	-40.7849
75.451523195	-40.7849
75.451691204	-40.7849
75.475000204	-40.0863
75.476523213	-40.0863
75.476691222	-40.0863
75.500000222	-39.2233
75.501523231	-39.2233
75.50169124	-39.2233
75.52500024	-37.199
75.526523249	-37.199
75.526691258	-37.199
75.550000258	-37.7257
75.551523267	-37.7257
75.551691276	-37.7257
75.575000276	-43.6532
75.576523286	-43.6532
75.576691296	-43.6532
75.600000296	-42.8786
75.601523306	-42.8786
75.601691316	-42.8786
75.625000316	-42.0121
75.626523326	-42.0121
75.626691336	-42.0121
75.650000336	-45.2932
75.651523346	-45.2932
75.651691356	-45.2932
75.675000356	-41.7746
75.676523366	-41.7746
75.676691376	-41.7746
75.700000376	-41.4923
75.701523386	-41.4923
75.701691396	-41.4923
75.725000396	-42.735
75.726523406	-42.735
75.726691416	-42.735
75.750000416	-42.9524
75.751523426	-42.9524
75.751691436	-42.9524
75.775000436	-50.1807
75.776523446	-50.1807
75.776691456	-50.1807
75.800000456	-43.9929
75.801523466	-43.9929
75.801691476	-43.9929
75.825000476	-36.5639
75.826523486	-36.5639
75.826691496	-36.5639
75.850000496	-38.966
75.851523506	-38.966
75.851691516	-38.966
75.875000516	-39.4394
75.876523527	-39.4394
75.876691538	-39.4394
75.900000538	-39.2863
75.901523549	-39.2863
75.90169156	-39.2863
75.92500056	-39.7406
75.926523571	-39.7406
75.926691582	-39.7406
75.950000582	-39.6731
75.951523593	-39.6731
75.951691604	-39.6731
75.975000604	-37.1141
75.976523615	-37.1141
75.976691626	-37.1141
76.000000626	-37.4539
76.001523637	-37.4539
76.001691648	-37.4539
76.025000648	-39.6471
76.026523659	-39.6471
76.02669167	-39.6471
76.05000067	-40.7343
76.051523681	-40.7343
76.051691692	-40.7343
76.075000692	-39.9713
76.076523703	-39.9713
76.076691714	-39.9713
76.100000714	-41.3346
76.101523725	-41.3346
76.101691736	-41.3346
76.125000736	-39.081
76.126523747	-39.081
76.126691758	-39.081
76.150000758	-39.8986
76.151523769	-39.8986
76.15169178	-39.8986
76.17500078	-44.7094
76.176523792	-44.7094
76.176691804	-44.7094
76.200000804	-43.1989
76.201523816	-43.1989
76.201691828	-43.1989
76.225000828	-42.6226
76.22652384	-42.6226
76.226691852	-42.6226
76.250000852	-45.8994
76.251523864	-45.8994
76.251691876	-45.8994
76.275000876	-43.0533
76.276523888	-43.0533
76.2766919	-43.0533
76.3000009	-40.3842
76.301523912	-40.3842
76.301691924	-40.3842
76.325000924	-49.4438
76.326523936	-49.4438
76.326691948	-49.4438
76.350000948	-54.2694
76.35152396	-54.2694
76.351691972	-54.2694
76.375000972	-45.1396
76.376523984	-45.1396
76.376691996	-45.1396
76.400000996	-45.3385
76.401524008	-45.3385
76.40169202	-45.3385
76.42500102	-49.8428
76.426524032	-49.8428
76.426692044	-49.8428
76.450001044	-44.5471
76.451524056	-44.5471
76.451692068	-44.5471
76.475001068	-44.0808
76.476524081	-44.0808
76.476692094	-44.0808
76.500001094	-51.8968
76.501524107	-51.8968
76.50169212	-51.8968
76.52500112	-52.6047
76.526524133	-52.6047
76.526692146	-52.6047
76.550001146	-41.1566
76.551524159	-41.1566
76.551692172	-41.1566
76.575001172	-41.7642
76.576524185	-41.7642
76.576692198	-41.7642
76.600001198	-41.1651
76.601524211	-41.1651
76.601692224	-41.1651
76.625001224	-42.6433
76.626524237	-42.6433
76.62669225	-42.6433
76.65000125	-42.355
76.651524263	-42.355
76.651692276	-42.355
76.675001276	-44.2021
76.676524289	-44.2021
76.676692302	-44.2021
76.700001302	-39.3795
76.701524315	-39.3795
76.701692328	-39.3795
76.725001328	-37.7951
76.726524341	-37.7951
76.726692354	-37.7951
76.750001354	-41.3194
76.751524367	-41.3194
76.75169238	-41.3194
76.77500138	-46.3671
76.776524394	-46.3671
76.776692408	-46.3671
76.800001408	-39.5775
76.801506408	-39.5775
76.801797422	-39.5775
76.801965436	-39.5775
76.825004436	-40.99
76.82652745	-40.99
76.826695464	-40.99
76.850004464	-44.9297
76.851527477	-44.9297
76.85169549	-44.9297
76.87500449	-45.3212
76.876527503	-45.3212
76.876695516	-45.3212
76.900004516	-42.2169
76.901527529	-42.2169
76.901695542	-42.2169
76.925004542	-40.2117
76.926527555	-40.2117
76.926695568	-40.2117
76.950004568	-40.7862
76.951527581	-40.7862
76.951695594	-40.7862
76.975004594	-42.2875
76.976527607	-42.2875
76.97669562	-42.2875
77.00000462	-41.8959
77.001527633	-41.8959
77.001695646	-41.8959
77.025004646	-39.2693
77.026527659	-39.2693
77.026695672	-39.2693
77.050004672	-42.7026
77.051527685	-42.7026
77.051695698	-42.7026
77.075004698	-45.0607
77.076527711	-45.0607
77.076695724	-45.0607
77.100004724	-48.4412
77.101527737	-48.4412
77.10169575	-48.4412
77.12500475	-46.1634
77.126527763	-46.1634
77.126695776	-46.1634
77.150004776	-41.1061
77.151527789	-41.1061
77.151695802	-41.1061
77.175004802	-38.0558
77.176527815	-38.0558
77.176695828	-38.0558
77.200004828	-37.9072
77.20152784	-37.9072
77.201695852	-37.9072
77.225004852	-40.8582
77.226527864	-40.8582
77.226695876	-40.8582
77.250004876	-42.296
77.251527888	-42.296
77.2516959	-42.296
77.2750049	-44.2005
77.276527912	-44.2005
77.276695924	-44.2005
77.300004924	-40.6779
77.301527936	-40.6779
77.301695948	-40.6779
77.325004948	-39.6662
77.32652796	-39.6662
77.326695972	-39.6662
77.350004972	-38.4782
77.351527984	-38.4782
77.351695996	-38.4782
77.375004996	-39.1473
77.376528008	-39.1473
77.37669602	-39.1473
77.40000502	-38.6892
77.401528032	-38.6892
77.401696044	-38.6892
77.425005044	-39.8822
77.426528056	-39.8822
77.426696068	-39.8822
77.450005068	-42.105
77.45152808	-42.105
77.451696092	-42.105
77.475005092	-43.6108
77.476528104	-43.6108
77.476696116	-43.6108
77.500005116	-45.1567
77.501528128	-45.1567
77.50169614	-45.1567
77.52500514	-41.4705
77.526528152	-41.4705
77.526696164	-41.4705
77.550005164	-39.5221
77.551528175	-39.5221
77.551696186	-39.5221
77.575005186	-38.7631
77.576528197	-38.7631
77.576696208	-38.7631
77.600005208	-40.5499
77.601528219	-40.5499
77.60169623	-40.5499
77.62500523	-43.1048
77.626528241	-43.1048
77.626696252	-43.1048
77.650005252	-44.2427
77.651528263	-44.2427
77.651696274	-44.2427
77.675005274	-42.0271
77.676528285	-42.0271
77.676696296	-42.0271
77.700005296	-39.0696
77.701528307	-39.0696
77.701696318	-39.0696
77.725005318	-40.4693
77.726528329	-40.4693
77.72669634	-40.4693
77.75000534	-38.3081
77.751528351	-38.3081
77.751696362	-38.3081
77.775005362	-38.1036
77.776528373	-38.1036
77.776696384	-38.1036
77.800005384	-38.3272
77.801528395	-38.3272
77.801696406	-38.3272
77.825005406	-40.8216
77.826528417	-40.8216
77.826696428	-40.8216
77.850005428	-43.8845
77.851528439	-43.8845
77.85169645	-43.8845
77.87500545	-40.6962
77.876528461	-40.6962
77.876696472	-40.6962
77.900005472	-36.6293
77.901528483	-36.6293
77.901696494	-36.6293
77.925005494	-36.8179
77.926528504	-36.8179
77.926696514	-36.8179
77.950005514	-42.8616
77.951528524	-42.8616
77.951696534	-42.8616
77.975005534	-42.2441
77.976528544	-42.2441
77.976696554	-42.2441
78.000005554	-43.3302
78.001528564	-43.3302
78.001696574	-43.3302
78.025005574	-39.3441
78.026528584	-39.3441
78.026696594	-39.3441
78.050005594	-37.9495
78.051528604	-37.9495
78.051696614	-37.9495
78.075005614	-41.6434
78.076528624	-41.6434
78.076696634	-41.6434
78.100005634	-37.8094
78.101528644	-37.8094
78.101696654	-37.8094
78.125005654	-40.9479
78.126528664	-40.9479
78.126696674	-40.9479
78.150005674	-43.9139
78.151528684	-43.9139
78.151696694	-43.9139
78.175005694	-40.8598
78.176528704	-40.8598
78.176696714	-40.8598
78.200005714	-35.4009
78.201528724	-35.4009
78.201696734	-35.4009
78.225005734	-39.7105
78.226528744	-39.7105
78.226696754	-39.7105
78.250005754	-44.5306
78.251528764	-44.5306
78.251696774	-44.5306
78.275005774	-45.459
78.276528784	-45.459
78.276696794	-45.459
78.300005794	-38.4806
78.301528804	-38.4806
78.301696814	-38.4806
78.325005814	-42.1827
78.326528824	-42.1827
78.326696834	-42.1827
78.350005834	-36.1484
78.351528844	-36.1484
78.351696854	-36.1484
78.375005854	-38.9725
78.376528864	-38.9725
78.376696874	-38.9725
78.400005874	-41.0346
78.401528884	-41.0346
78.401696894	-41.0346
78.425005894	-44.9306
78.426528904	-44.9306
78.426696914	-44.9306
78.450005914	-36.6313
78.451528924	-36.6313
78.451696934	-36.6313
78.475005934	-41.7242
78.476528944	-41.7242
78.476696954	-41.7242
78.500005954	-38.9075
78.501528964	-38.9075
78.501696974	-38.9075
78.525005974	-40.8789
78.526528984	-40.8789
78.526696994	-40.8789
78.550005994	-41.4344
78.551529004	-41.4344
78.551697014	-41.4344
78.575006014	-42.6453
78.576529024	-42.6453
78.576697034	-42.6453
78.600006034	-35.7198
78.601529044	-35.7198
78.601697054	-35.7198
78.625006054	-41.0904
78.626529064	-41.0904
78.626697074	-41.0904
78.650006074	-39.0819
78.651529084	-39.0819
78.651697094	-39.0819
78.675006094	-40.4299
78.676529104	-40.4299
78.676697114	-40.4299
78.700006114	-48.3284
78.701529124	-48.3284
78.701697134	-48.3284
78.725006134	-39.3922
78.726529144	-39.3922
78.726697154	-39.3922
78.750006154	-37.8287
78.751529164	-37.8287
78.751697174	-37.8287
78.775006174	-38.1578
78.776529184	-38.1578
78.776697194	-38.1578
78.800006194	-36.7468
78.801529204	-36.7468
78.801697214	-36.7468
78.825006214	-41.0275
78.826529224	-41.0275
78.826697234	-41.0275
78.850006234	-38.1012
78.851529244	-38.1012
78.851697254	-38.1012
78.875006254	-40.0565
78.876529264	-40.0565
78.876697274	-40.0565
78.900006274	-37.953
78.901529284	-37.953
78.901697294	-37.953
78.925006294	-37.3147
78.926529304	-37.3147
78.926697314	-37.3147
78.950006314	-37.3223
78.951529324	-37.3223
78.951697334	-37.3223
78.975006334	-38.5387
78.976529344	-38.5387
78.976697354	-38.5387
79.000006354	-40.5375
79.001529364	-40.5375
79.001697374	-40.5375
79.025006374	-39.446
79.026529384	-39.446
79.026697394	-39.446
79.050006394	-39.7161
79.051529404	-39.7161
79.051697414	-39.7161
79.075006414	-38.0754
79.076529424	-38.0754
79.076697434	-38.0754
79.100006434	-38.0361
79.101529444	-38.0361
79.101697454	-38.0361
79.125006454	-38.651
79.126529464	-38.651
79.126697474	-38.651
79.150006474	-36.6261
79.151529484	-36.6261
79.151697494	-36.6261
79.175006494	-37.0696
79.176529504	-37.0696
79.176697514	-37.0696
79.200006514	-43.0844
79.201529524	-43.0844
79.201697534	-43.0844
79.225006534	-38.7679
79.226529544	-38.7679
79.226697554	-38.7679
79.250006554	-43.3255
79.251529564	-43.3255
79.251697574	-43.3255
79.275006574	-37.5496
79.276529584	-37.5496
79.276697594	-37.5496
79.300006594	-36.9164
79.301529604	-36.9164
79.301697614	-36.9164
79.325006614	-39.3401
79.326529624	-39.3401
79.326697634	-39.3401
79.350006634	-39.6152
79.351529644	-39.6152
79.351697654	-39.6152
79.375006654	-40.477
79.376529664	-40.477
79.376697674	-40.477
79.400006674	-38.775
79.401529684	-38.775
79.401697694	-38.775
79.425006694	-43.7078
79.426529704	-43.7078
79.426697714	-43.7078
79.450006714	-37.3148
79.451529724	-37.3148
79.451697734	-37.3148
79.475006734	-43.9011
79.476529744	-43.9011
79.476697754	-43.9011
79.500006754	-35.8158
79.501529764	-35.8158
79.501697774	-35.8158
79.525006774	-37.873
79.526529784	-37.873
79.526697794	-37.873
79.550006794	-37.5599
79.551529804	-37.5599
79.551697814	-37.5599
79.575006814	-41.698
79.576529824	-41.698
79.576697834	-41.698
79.600006834	-36.7101
79.601529844	-36.7101
79.601697854	-36.7101
79.625006854	-42.2893
79.626529864	-42.2893
79.626697874	-42.2893
79.650006874	-38.7612
79.651529884	-38.7612
79.651697894	-38.7612
79.675006894	-41.3669
79.676529904	-41.3669
79.676697914	-41.3669
79.700006914	-41.1181
79.701529924	-41.1181
79.701697934	-41.1181
79.725006934	-38.1777
79.726529944	-38.1777
79.726697954	-38.1777
79.750006954	-36.7621
79.751529964	-36.7621
79.751697974	-36.7621
79.775006974	-42.3778
79.776529984	-42.3778
79.776697994	-42.3778
79.800006994	-39.7847
79.801530004	-39.7847
79.801698014	-39.7847
79.825007014	-38.0255
79.826530024	-38.0255
79.826698034	-38.0255
79.850007034	-37.7632
79.851530044	-37.7632
79.851698054	-37.7632
79.875007054	-46.6548
79.876530064	-46.6548
79.876698074	-46.6548
79.900007074	-41.3724
79.901530084	-41.3724
79.901698094	-41.3724
79.925007094	-41.4278
79.926530104	-41.4278
79.926698114	-41.4278
79.950007114	-41.6748
79.951530124	-41.6748
79.951698134	-41.6748
79.975007134	-47.7947
79.976530144	-47.7947
79.976698154	-47.7947
80.000007154	-38.9829
80.001530164	-38.9829
80.001698174	-38.9829
80.025007174	-39.0534
80.026530184	-39.0534
80.026698194	-39.0534
80.050007194	-38.3728
80.051530204	-38.3728
80.051698214	-38.3728
80.075007214	-42.7928
80.076530224	-42.7928
80.076698234	-42.7928
80.100007234	-38.0817
80.101530244	-38.0817
80.101698254	-38.0817
80.125007254	-36.9281
80.126530264	-36.9281
80.126698274	-36.9281
80.150007274	-41.0304
80.151530284	-41.0304
80.151698294	-41.0304
80.175007294	-38.8125
80.176530304	-38.8125
80.176698314	-38.8125
80.200007314	-40.5405
80.201530324	-40.5405
80.201698334	-40.5405
80.225007334	-38.3499
80.226530344	-38.3499
80.226698354	-38.3499
80.250007354	-46.0297
80.251530364	-46.0297
80.251698374	-46.0297
80.275007374	-41.5383
80.276530384	-41.5383
80.276698394	-41.5383
80.300007394	-38.989
80.301530404	-38.989
80.301698414	-38.989
80.325007414	-38.708
80.326530425	-38.708
80.326698436	-38.708
80.350007436	-38.6821
80.351530447	-38.6821
80.351698458	-38.6821
80.375007458	-44.6024
80.376530469	-44.6024
80.37669848	-44.6024
80.40000748	-35.5764
80.401530491	-35.5764
80.401698502	-35.5764
80.425007502	-40.8183
80.426530513	-40.8183
80.426698524	-40.8183
80.450007524	-36.9475
80.451530535	-36.9475
80.451698546	-36.9475
80.475007546	-39.3903
80.476530557	-39.3903
80.476698568	-39.3903
80.500007568	-36.6672
80.501530579	-36.6672
80.50169859	-36.6672
80.52500759	-39.9593
80.5265306	-39.9593
80.52669861	-39.9593
80.55000761	-34.8362
80.55153062	-34.8362
80.55169863	-34.8362
80.57500763	-39.1348
80.57653064	-39.1348
80.57669865	-39.1348
80.60000765	-40.3577
80.60153066	-40.3577
80.60169867	-40.3577
80.62500767	-36.4571
80.62653068	-36.4571
80.62669869	-36.4571
80.65000769	-42.3792
80.6515307	-42.3792
80.65169871	-42.3792
80.67500771	-36.5249
80.67653072	-36.5249
80.67669873	-36.5249
80.70000773	-39.4644
80.70153074	-39.4644
80.70169875	-39.4644
80.72500775	-38.8546
80.72653076	-38.8546
80.72669877	-38.8546
80.75000777	-38.8985
80.75153078	-38.8985
80.75169879	-38.8985
80.77500779	-39.4723
80.7765308	-39.4723
80.77669881	-39.4723
80.80000781	-36.8236
80.80153082	-36.8236
80.80169883	-36.8236
80.82500783	-40.4956
80.82653084	-40.4956
80.82669885	-40.4956
80.85000785	-39.2607
80.851530859	-39.2607
80.851698868	-39.2607
80.875007868	-38.0775
80.876530877	-38.0775
80.876698886	-38.0775
80.900007886	-41.4632
80.901530895	-41.4632
80.901698904	-41.4632
80.925007904	-39.7719
80.926530913	-39.7719
80.926698922	-39.7719
80.950007922	-40.0731
80.951530931	-40.0731
80.95169894	-40.0731
80.97500794	-46.252
80.976530949	-46.252
80.976698958	-46.252
81.000007958	-40.6427
81.001530967	-40.6427
81.001698976	-40.6427
81.025007976	-38.5972
81.026530985	-38.5972
81.026698994	-38.5972
81.050007994	-45.8747
81.051531003	-45.8747
81.051699012	-45.8747
81.075008012	-37.1375
81.076531021	-37.1375
81.07669903	-37.1375
81.10000803	-40.2895
81.101531039	-40.2895
81.101699048	-40.2895
81.125008048	-40.0145
81.126531057	-40.0145
81.126699066	-40.0145
81.150008066	-36.446
81.151531075	-36.446
81.151699084	-36.446
81.175008084	-43.0456
81.176531093	-43.0456
81.176699102	-43.0456
81.200008102	-38.0131
81.20153111	-38.0131
81.201699118	-38.0131
81.225008118	-40.7832
81.226531126	-40.7832
81.226699134	-40.7832
81.250008134	-40.8612
81.251531142	-40.8612
81.25169915	-40.8612
81.27500815	-39.4058
81.276531158	-39.4058
81.276699166	-39.4058
81.300008166	-40.8866
81.301531174	-40.8866
81.301699182	-40.8866
81.325008182	-42.1594
81.32653119	-42.1594
81.326699198	-42.1594
81.350008198	-36.3833
81.351531206	-36.3833
81.351699214	-36.3833
81.375008214	-37.3448
81.376531222	-37.3448
81.37669923	-37.3448
81.40000823	-36.1815
81.401531238	-36.1815
81.401699246	-36.1815
81.425008246	-33.4074
81.426531254	-33.4074
81.426699262	-33.4074
81.450008262	-36.0693
81.45153127	-36.0693
81.451699278	-36.0693
81.475008278	-33.0739
81.476531286	-33.0739
81.476699294	-33.0739
81.500008294	-33.2588
81.501531302	-33.2588
81.50169931	-33.2588
81.52500831	-36.4213
81.526531318	-36.4213
81.526699326	-36.4213
81.550008326	-35.2895
81.551531333	-35.2895
81.55169934	-35.2895
81.57500834	-37.2515
81.576531347	-37.2515
81.576699354	-37.2515
81.600008354	-38.2422
81.601531361	-38.2422
81.601699368	-38.2422
81.625008368	-37.1552
81.626531375	-37.1552
81.626699382	-37.1552
81.650008382	-37.5095
81.651531389	-37.5095
81.651699396	-37.5095
81.675008396	-38.657
81.676531403	-38.657
81.67669941	-38.657
81.70000841	-34.7393
81.701531417	-34.7393
81.701699424	-34.7393
81.725008424	-36.5473
81.726531431	-36.5473
81.726699438	-36.5473
81.750008438	-35.8549
81.751531445	-35.8549
81.751699452	-35.8549
81.775008452	-34.8807
81.776531459	-34.8807
81.776699466	-34.8807
81.800008466	-37.4007
81.801531473	-37.4007
81.80169948	-37.4007
81.82500848	-35.589
81.826531487	-35.589
81.826699494	-35.589
81.850008494	-38.0347
81.851531501	-38.0347
81.851699508	-38.0347
81.875008508	-38.3459
81.876531515	-38.3459
81.876699522	-38.3459
81.900008522	-36.191
81.901531529	-36.191
81.901699536	-36.191
81.920025	-36.0872
81.925005	-36.0872
81.926528006	-36.0873
81.926696012	-36.0873
81.950005012	-36.123
81.951528018	-36.123
81.951696024	-36.123
81.975005024	-33.9553
81.97652803	-33.9553
81.976696036	-33.9553
82.000005036	-35.2062
82.001528042	-35.2062
82.001696048	-35.2062
82.025005048	-36.8422
82.026528054	-36.8422
82.02669606	-36.8422
82.05000506	-36.4506
82.051528066	-36.4506
82.051696072	-36.4506
82.075005072	-40.7784
82.076528078	-40.7784
82.076696084	-40.7784
82.100005084	-39.3235
82.10152809	-39.3235
82.101696096	-39.3235
82.125005096	-38.9398
82.126528102	-38.9398
82.126696108	-38.9398
82.150005108	-35.5077
82.151528114	-35.5077
82.15169612	-35.5077
82.17500512	-35.0356
82.176528126	-35.0356
82.176696132	-35.0356
82.200005132	-32.7507
82.201528138	-32.7507
82.201696144	-32.7507
82.225005144	-33.1093
82.22652815	-33.1093
82.226696156	-33.1093
82.250005156	-34.5132
82.251528162	-34.5132
82.251696168	-34.5132
82.275005168	-35.9593
82.276528174	-35.9593
82.27669618	-35.9593
82.30000518	-37.1504
82.301528186	-37.1504
82.301696192	-37.1504
82.325005192	-37.7023
82.326528198	-37.7023
82.326696204	-37.7023
82.350005204	-36.767
82.351528209	-36.767
82.351696214	-36.767
82.375005214	-33.9667
82.376528219	-33.9667
82.376696224	-33.9667
82.400005224	-33.4773
82.401528229	-33.4773
82.401696234	-33.4773
82.425005234	-32.6998
82.426528239	-32.6998
82.426696244	-32.6998
82.450005244	-31.902
82.451528249	-31.902
82.451696254	-31.902
82.475005254	-33.5331
82.476528259	-33.5331
82.476696264	-33.5331
82.500005264	-33.3194
82.501528269	-33.3194
82.501696274	-33.3194
82.525005274	-32.9395
82.526528279	-32.9395
82.526696284	-32.9395
82.550005284	-33.3214
82.551528289	-33.3214
82.551696294	-33.3214
82.575005294	-33.7542
82.576528299	-33.7542
82.576696304	-33.7542
82.600005304	-34.5923
82.601528309	-34.5923
82.601696314	-34.5923
82.625005314	-34.0756
82.626528319	-34.0756
82.626696324	-34.0756
82.650005324	-34.4427
82.651528329	-34.4427
82.651696334	-34.4427
82.675005334	-34.1862
82.676528339	-34.1862
82.676696344	-34.1862
82.700005344	-32.888
82.701528349	-32.888
82.701696354	-32.888
82.725005354	-32.1645
82.726528359	-32.1645
82.726696364	-32.1645
82.750005364	-33.0285
82.751528369	-33.0285
82.751696374	-33.0285
82.775005374	-34.4178
82.776528379	-34.4178
82.776696384	-34.4178
82.800005384	-34.7889
82.801528389	-34.7889
82.801696394	-34.7889
82.825005394	-32.8703
82.826528399	-32.8703
82.826696404	-32.8703
82.850005404	-32.6735
82.851528409	-32.6735
82.851696414	-32.6735
82.875005414	-33.8564
82.876528419	-33.8564
82.876696424	-33.8564
82.900005424	-34.9673
82.901528429	-34.9673
82.901696434	-34.9673
82.925005434	-33.8074
82.926528438	-33.8074
82.926696442	-33.8074
82.950005442	-32.8042
82.951528446	-32.8042
82.95169645	-32.8042
82.97500545	-31.7873
82.976528454	-31.7873
82.976696458	-31.7873
83.000005458	-34.9414
83.001528462	-34.9414
83.001696466	-34.9414
83.025005466	-33.591
83.02652847	-33.591
83.026696474	-33.591
83.050005474	-31.6114
83.051528478	-31.6114
83.051696482	-31.6114
83.075005482	-31.8202
83.076528486	-31.8202
83.07669649	-31.8202
83.10000549	-31.8734
83.101528494	-31.8734
83.101696498	-31.8734
83.125005498	-29.9249
83.126528502	-29.9249
83.126696506	-29.9249
83.150005506	-30.7242
83.15152851	-30.7242
83.151696514	-30.7242
83.175005514	-32.4002
83.176528518	-32.4002
83.176696522	-32.4002
83.200005522	-33.1953
83.201528526	-33.1953
83.20169653	-33.1953
83.22500553	-32.3488
83.226528534	-32.3488
83.226696538	-32.3488
83.250005538	-32.1784
83.251528542	-32.1784
83.251696546	-32.1784
83.275005546	-31.0357
83.27652855	-31.0357
83.276696554	-31.0357
83.300005554	-31.1619
83.301528558	-31.1619
83.301696562	-31.1619
83.325005562	-34.3161
83.326528566	-34.3161
83.32669657	-34.3161
83.35000557	-33.0238
83.351528574	-33.0238
83.351696578	-33.0238
83.375005578	-31.2412
83.376528582	-31.2412
83.376696586	-31.2412
83.400005586	-33.563
83.40152859	-33.563
83.401696594	-33.563
83.425005594	-31.8116
83.426528598	-31.8116
83.426696602	-31.8116
83.450005602	-34.1965
83.451528606	-34.1965
83.45169661	-34.1965
83.47500561	-33.3318
83.476528614	-33.3318
83.476696618	-33.3318
83.500005618	-30.8103
83.501528622	-30.8103
83.501696626	-30.8103
83.525005626	-32.0343
83.52652863	-32.0343
83.526696634	-32.0343
83.550005634	-31.7978
83.551528638	-31.7978
83.551696642	-31.7978
83.575005642	-32.2913
83.576528646	-32.2913
83.57669665	-32.2913
83.60000565	-30.5673
83.601528654	-30.5673
83.601696658	-30.5673
83.625005658	-30.841
83.626528662	-30.841
83.626696666	-30.841
83.650005666	-33.1057
83.65152867	-33.1057
83.651696674	-33.1057
83.675005674	-31.0326
83.676528678	-31.0326
83.676696682	-31.0326
83.700005682	-31.5172
83.701528686	-31.5172
83.70169669	-31.5172
83.72500569	-30.2009
83.726528694	-30.2009
83.726696698	-30.2009
83.750005698	-35.9181
83.751528702	-35.9181
83.751696706	-35.9181
83.775005706	-31.1176
83.77652871	-31.1176
83.776696714	-31.1176
83.800005714	-33.4608
83.801528718	-33.4608
83.801696722	-33.4608
83.825005722	-32.3136
83.826528726	-32.3136
83.82669673	-32.3136
83.85000573	-38.2455
83.851528734	-38.2455
83.851696738	-38.2455
83.875005738	-32.3824
83.876528742	-32.3824
83.876696746	-32.3824
83.900005746	-36.837
83.901528751	-36.837
83.901696756	-36.837
83.925005756	-36.2116
83.926528761	-36.2116
83.926696766	-36.2116
83.950005766	-34.2128
83.951528771	-34.2128
83.951696776	-34.2128
83.975005776	-32.4275
83.976528781	-32.4275
83.976696786	-32.4275
84.000005786	-35.9932
84.001528791	-35.9932
84.001696796	-35.9932
84.025005796	-33.3568
84.026528801	-33.3568
84.026696806	-33.3568
84.050005806	-32.6535
84.051528811	-32.6535
84.051696816	-32.6535
84.075005816	-34.5816
84.076528821	-34.5816
84.076696826	-34.5816
84.100005826	-34.4834
84.101528831	-34.4834
84.101696836	-34.4834
84.125005836	-30.6379
84.126528841	-30.6379
84.126696846	-30.6379
84.150005846	-30.6977
84.151528851	-30.6977
84.151696856	-30.6977
84.175005856	-32.088
84.176528861	-32.088
84.176696866	-32.088
84.200005866	-32.7297
84.201528871	-32.7297
84.201696876	-32.7297
84.225005876	-31.5437
84.226528881	-31.5437
84.226696886	-31.5437
84.250005886	-31.0669
84.251528891	-31.0669
84.251696896	-31.0669
84.275005896	-32.8289
84.276528901	-32.8289
84.276696906	-32.8289
84.300005906	-34.6317
84.301528911	-34.6317
84.301696916	-34.6317
84.325005916	-35.2629
84.326528921	-35.2629
84.326696926	-35.2629
84.350005926	-34.1293
84.351528931	-34.1293
84.351696936	-34.1293
84.375005936	-33.4356
84.376528941	-33.4356
84.376696946	-33.4356
84.400005946	-33.6423
84.401528951	-33.6423
84.401696956	-33.6423
84.425005956	-34.6519
84.426528961	-34.6519
84.426696966	-34.6519
84.450005966	-35.3416
84.451528971	-35.3416
84.451696976	-35.3416
84.475005976	-32.7438
84.476528981	-32.7438
84.476696986	-32.7438
84.500005986	-31.981
84.501528991	-31.981
84.501696996	-31.981
84.525005996	-31.1578
84.526529001	-31.1578
84.526697006	-31.1578
84.550006006	-34.1615
84.551529011	-34.1615
84.551697016	-34.1615
84.575006016	-35.331
84.576529021	-35.331
84.576697026	-35.331
84.600006026	-37.1336
84.601529031	-37.1336
84.601697036	-37.1336
84.625006036	-34.6268
84.626529041	-34.6268
84.626697046	-34.6268
84.650006046	-35.014
84.651529051	-35.014
84.651697056	-35.014
84.675006056	-35.5719
84.676529061	-35.5719
84.676697066	-35.5719
84.700006066	-34.6977
84.701529071	-34.6977
84.701697076	-34.6977
84.725006076	-35.396
84.726529082	-35.396
84.726697088	-35.396
84.750006088	-35.7082
84.751529094	-35.7082
84.7516971	-35.7082
84.7750061	-35.7905
84.776529106	-35.7905
84.776697112	-35.7905
84.800006112	-34.4172
84.801529118	-34.4172
84.801697124	-34.4172
84.825006124	-32.6646
84.82652913	-32.6646
84.826697136	-32.6646
84.850006136	-33.2769
84.851529142	-33.2769
84.851697148	-33.2769
84.875006148	-32.5208
84.876529154	-32.5208
84.87669716	-32.5208
84.90000616	-33.5094
84.901529166	-33.5094
84.901697172	-33.5094
84.925006172	-34.5996
84.926529178	-34.5996
84.926697184	-34.5996
84.950006184	-37.0783
84.95152919	-37.0783
84.951697196	-37.0783
84.975006196	-38.1008
84.976529202	-38.1008
84.976697208	-38.1008
85.000006208	-36.4251
85.001529214	-36.4251
85.00169722	-36.4251
85.02500622	-36.1041
85.026529226	-36.1041
85.026697232	-36.1041
85.050006232	-33.9528
85.051529238	-33.9528
85.051697244	-33.9528
85.075006244	-32.7786
85.07652925	-32.7786
85.076697256	-32.7786
85.100006256	-32.5594
85.101529262	-32.5594
85.101697268	-32.5594
85.125006268	-32.4693
85.126529274	-32.4693
85.12669728	-32.4693
85.15000628	-33.2062
85.151529286	-33.2062
85.151697292	-33.2062
85.175006292	-34.8345
85.176529299	-34.8345
85.176697306	-34.8345
85.200006306	-36.8273
85.201529313	-36.8273
85.20169732	-36.8273
85.22500632	-40.1911
85.226529327	-40.1911
85.226697334	-40.1911
85.250006334	-39.454
85.251529341	-39.454
85.251697348	-39.454
85.275006348	-40.9814
85.276529355	-40.9814
85.276697362	-40.9814
85.300006362	-42.5249
85.301529369	-42.5249
85.301697376	-42.5249
85.325006376	-38.4112
85.326529383	-38.4112
85.32669739	-38.4112
85.35000639	-39.3331
85.351529397	-39.3331
85.351697404	-39.3331
85.375006404	-38.2157
85.376529411	-38.2157
85.376697418	-38.2157
85.400006418	-36.1036
85.401529425	-36.1036
85.401697432	-36.1036
85.425006432	-37.6051
85.426529439	-37.6051
85.426697446	-37.6051
85.450006446	-38.4504
85.451529453	-38.4504
85.45169746	-38.4504
85.47500646	-36.911
85.476529467	-36.911
85.476697474	-36.911
85.500006474	-37.679
85.501529481	-37.679
85.501697488	-37.679
85.525006488	-37.5571
85.526529495	-37.5571
85.526697502	-37.5571
85.550006502	-34.4375
85.551529509	-34.4375
85.551697516	-34.4375
85.575006516	-34.9482
85.576529524	-34.9482
85.576697532	-34.9482
85.600006532	-34.7891
85.60152954	-34.7891
85.601697548	-34.7891
85.625006548	-33.8149
85.626529556	-33.8149
85.626697564	-33.8149
85.650006564	-35.8032
85.651529572	-35.8032
85.65169758	-35.8032
85.67500658	-35.0617
85.676529588	-35.0617
85.676697596	-35.0617
85.700006596	-36.9039
85.701529604	-36.9039
85.701697612	-36.9039
85.725006612	-38.1939
85.72652962	-38.1939
85.726697628	-38.1939
85.750006628	-38.9231
85.751529636	-38.9231
85.751697644	-38.9231
85.775006644	-41.2755
85.776529652	-41.2755
85.77669766	-41.2755
85.80000666	-40.1494
85.801529668	-40.1494
85.801697676	-40.1494
85.825006676	-41.9202
85.826529684	-41.9202
85.826697692	-41.9202
85.850006692	-43.2788
85.8515297	-43.2788
85.851697708	-43.2788
85.875006708	-40.5836
85.876529716	-40.5836
85.876697724	-40.5836
85.900006724	-39.7677
85.901529732	-39.7677
85.90169774	-39.7677
85.92500674	-40.7009
85.926529748	-40.7009
85.926697756	-40.7009
85.950006756	-39.4688
85.951529765	-39.4688
85.951697774	-39.4688
85.975006774	-39.1213
85.976529783	-39.1213
85.976697792	-39.1213
86.000006792	-38.75
86.001529801	-38.75
86.00169781	-38.75
86.02500681	-38.1636
86.026529819	-38.1636
86.026697828	-38.1636
86.050006828	-39.9812
86.051529837	-39.9812
86.051697846	-39.9812
86.075006846	-40.8194
86.076529855	-40.8194
86.076697864	-40.8194
86.100006864	-37.2475
86.101529873	-37.2475
86.101697882	-37.2475
86.125006882	-38.6092
86.126529891	-38.6092
86.1266979	-38.6092
86.1500069	-38.9491
86.151529909	-38.9491
86.151697918	-38.9491
86.175006918	-34.987
86.176529927	-34.987
86.176697936	-34.987
86.200006936	-36.6994
86.201529945	-36.6994
86.201697954	-36.6994
86.225006954	-36.6206
86.226529963	-36.6206
86.226697972	-36.6206
86.250006972	-34.7226
86.251529981	-34.7226
86.25169799	-34.7226
86.27500699	-36.1132
86.276529999	-36.1132
86.276698008	-36.1132
86.300007008	-35.8755
86.301530018	-35.8755
86.301698028	-35.8755
86.325007028	-35.7033
86.326530038	-35.7033
86.326698048	-35.7033
86.350007048	-38.6445
86.351530058	-38.6445
86.351698068	-38.6445
86.375007068	-38.24
86.376530078	-38.24
86.376698088	-38.24
86.400007088	-37.6868
86.401530098	-37.6868
86.401698108	-37.6868
86.425007108	-42.3679
86.426530118	-42.3679
86.426698128	-42.3679
86.450007128	-42.5433
86.451530138	-42.5433
86.451698148	-42.5433
86.475007148	-43.2209
86.476530158	-43.2209
86.476698168	-43.2209
86.500007168	-46.1753
86.501530178	-46.1753
86.501698188	-46.1753
86.525007188	-46.4132
86.526530198	-46.4132
86.526698208	-46.4132
86.550007208	-45.0596
86.551530218	-45.0596
86.551698228	-45.0596
86.575007228	-44.7908
86.576530238	-44.7908
86.576698248	-44.7908
86.600007248	-43.0948
86.601530258	-43.0948
86.601698268	-43.0948
86.625007268	-43.0751
86.626530278	-43.0751
86.626698288	-43.0751
86.650007288	-43.9879
86.651530299	-43.9879
86.65169831	-43.9879
86.67500731	-41.6187
86.676530321	-41.6187
86.676698332	-41.6187
86.700007332	-40.1664
86.701530343	-40.1664
86.701698354	-40.1664
86.725007354	-41.7896
86.726530365	-41.7896
86.726698376	-41.7896
86.750007376	-42.6723
86.751530387	-42.6723
86.751698398	-42.6723
86.775007398	-42.5548
86.776530409	-42.5548
86.77669842	-42.5548
86.80000742	-42.4512
86.801530431	-42.4512
86.801698442	-42.4512
86.825007442	-43.8162
86.826530453	-43.8162
86.826698464	-43.8162
86.850007464	-42.6932
86.851530475	-42.6932
86.851698486	-42.6932
86.875007486	-43.3381
86.876530497	-43.3381
86.876698508	-43.3381
86.900007508	-43.7774
86.901530519	-43.7774
86.90169853	-43.7774
86.92500753	-43.0507
86.926530541	-43.0507
86.926698552	-43.0507
86.950007552	-43.5899
86.951530563	-43.5899
86.951698574	-43.5899
86.975007574	-42.9109
86.976530586	-42.9109
86.976698598	-42.9109
87.000007598	-41.4736
87.00153061	-41.4736
87.001698622	-41.4736
87.025007622	-41.1195
87.026530634	-41.1195
87.026698646	-41.1195
87.040025	-41.9553
87.050009	-42.1143
87.051532012	-42.1143
87.051700024	-42.1143
87.075000024	-42.297
87.076523036	-42.297
87.076691048	-42.297
87.100000048	-40.9907
87.10152306	-40.9907
87.101691072	-40.9907
87.125000072	-40.2964
87.126523084	-40.2964
87.126691096	-40.2964
87.150000096	-40.1412
87.151523108	-40.1412
87.15169112	-40.1412
87.17500012	-40.5602
87.176523132	-40.5602
87.176691144	-40.5602
87.200000144	-40.6677
87.201523156	-40.6677
87.201691168	-40.6677
87.225000168	-40.548
87.22652318	-40.548
87.226691192	-40.548
87.250000192	-40.8804
87.251523204	-40.8804
87.251691216	-40.8804
87.275000216	-41.4499
87.276523228	-41.4499
87.27669124	-41.4499
87.30000024	-41.1337
87.301523253	-41.1337
87.301691266	-41.1337
87.325000266	-40.5692
87.326523279	-40.5692
87.326691292	-40.5692
87.350000292	-40.7341
87.351523305	-40.7341
87.351691318	-40.7341
87.375000318	-39.284
87.376523331	-39.284
87.376691344	-39.284
87.400000344	-39.6445
87.401523357	-39.6445
87.40169137	-39.6445
87.42500037	-38.6606
87.426523383	-38.6606
87.426691396	-38.6606
87.450000396	-38.1742
87.451523409	-38.1742
87.451691422	-38.1742
87.475000422	-37.782
87.476523435	-37.782
87.476691448	-37.782
87.500000448	-37.7078
87.501523461	-37.7078
87.501691474	-37.7078
87.525000474	-37.6411
87.526523487	-37.6411
87.5266915	-37.6411
87.5500005	-37.5783
87.551523513	-37.5783
87.551691526	-37.5783
87.575000526	-37.2153
87.576523539	-37.2153
87.576691552	-37.2153
87.600000552	-37.0162
87.601523565	-37.0162
87.601691578	-37.0162
87.625000578	-36.9999
87.626523592	-36.9999
87.626691606	-36.9999
87.650000606	-37.1929
87.65152362	-37.1929
87.651691634	-37.1929
87.675000634	-37.5123
87.676523648	-37.5123
87.676691662	-37.5123
87.700000662	-37.6394
87.701523676	-37.6394
87.70169169	-37.6394
87.72500069	-37.7242
87.726523704	-37.7242
87.726691718	-37.7242
87.750000718	-37.4289
87.751523732	-37.4289
87.751691746	-37.4289
87.775000746	-37.386
87.77652376	-37.386
87.776691774	-37.386
87.800000774	-37.7725
87.801523788	-37.7725
87.801691802	-37.7725
87.825000802	-38.4487
87.826523816	-38.4487
87.82669183	-38.4487
87.85000083	-39.2182
87.851523844	-39.2182
87.851691858	-39.2182
87.875000858	-39.8456
87.876523872	-39.8456
87.876691886	-39.8456
87.900000886	-39.8345
87.9015239	-39.8345
87.901691914	-39.8345
87.925000914	-39.5806
87.926523929	-39.5806
87.926691944	-39.5806
87.950000944	-40.9471
87.951523959	-40.9471
87.951691974	-40.9471
87.975000974	-41.6697
87.976523989	-41.6697
87.976692004	-41.6697
88.000001004	-42.7202
88.001524019	-42.7202
88.001692034	-42.7202
88.025001034	-43.217
88.026524049	-43.217
88.026692064	-43.217
88.050001064	-42.6169
88.051524079	-42.6169
88.051692094	-42.6169
88.075001094	-41.7177
88.076524109	-41.7177
88.076692124	-41.7177
88.100001124	-41.3281
88.101524139	-41.3281
88.101692154	-41.3281
88.125001154	-41.727
88.126524169	-41.727
88.126692184	-41.727
88.150001184	-42.8014
88.151524199	-42.8014
88.151692214	-42.8014
88.175001214	-43.8592
88.176524229	-43.8592
88.176692244	-43.8592
88.200001244	-43.7772
88.201524259	-43.7772
88.201692274	-43.7772
88.225001274	-42.6387
88.226524289	-42.6387
88.226692304	-42.6387
88.250001304	-41.7602
88.25152432	-41.7602
88.251692336	-41.7602
88.275001336	-41.8552
88.276524352	-41.8552
88.276692368	-41.8552
88.300001368	-42.877
88.301524384	-42.877
88.3016924	-42.877
88.3250014	-44.2861
88.326524416	-44.2861
88.326692432	-44.2861
88.350001432	-44.9769
88.351524448	-44.9769
88.351692464	-44.9769
88.375001464	-44.1668
88.37652448	-44.1668
88.376692496	-44.1668
88.400001496	-42.8378
88.401524512	-42.8378
88.401692528	-42.8378
88.425001528	-42.0451
88.426524544	-42.0451
88.42669256	-42.0451
88.45000156	-42.4273
88.451524576	-42.4273
88.451692592	-42.4273
88.475001592	-43.7051
88.476524608	-43.7051
88.476692624	-43.7051
88.500001624	-44.9457
88.50152464	-44.9457
88.501692656	-44.9457
88.525001656	-45.1281
88.526524672	-45.1281
88.526692688	-45.1281
88.550001688	-43.9055
88.551524705	-43.9055
88.551692722	-43.9055
88.575001722	-42.634
88.576524739	-42.634
88.576692756	-42.634
88.600001756	-42.2168
88.601524773	-42.2168
88.60169279	-42.2168
88.62500179	-42.8767
88.626524807	-42.8767
88.626692824	-42.8767
88.650001824	-44.3711
88.651524841	-44.3711
88.651692858	-44.3711
88.675001858	-45.5944
88.676524875	-45.5944
88.676692892	-45.5944
88.700001892	-45.2388
88.701524909	-45.2388
88.701692926	-45.2388
88.725001926	-43.9297
88.726524943	-43.9297
88.72669296	-43.9297
88.75000196	-42.8919
88.751524977	-42.8919
88.751692994	-42.8919
88.775001994	-42.7777
88.776525011	-42.7777
88.776693028	-42.7777
88.800002028	-43.7213
88.801525045	-43.7213
88.801693062	-43.7213
88.825002062	-45.4205
88.826525079	-45.4205
88.826693096	-45.4205
88.850002096	-46.2117
88.851525113	-46.2117
88.85169313	-46.2117
88.87500213	-45.3505
88.876525148	-45.3505
88.876693166	-45.3505
88.900002166	-44.1229
88.901525184	-44.1229
88.901693202	-44.1229
88.925002202	-43.5555
88.92652522	-43.5555
88.926693238	-43.5555
88.950002238	-43.9335
88.951525256	-43.9335
88.951693274	-43.9335
88.975002274	-45.1995
88.976525292	-45.1995
88.97669331	-45.1995
89.00000231	-46.7322
89.001525328	-46.7322
89.001693346	-46.7322
89.025002346	-47.1498
89.026525364	-47.1498
89.026693382	-47.1498
89.050002382	-46.0014
89.0515254	-46.0014
89.051693418	-46.0014
89.075002418	-44.8047
89.076525436	-44.8047
89.076693454	-44.8047
89.100002454	-44.4014
89.101525472	-44.4014
89.10169349	-44.4014
89.12500249	-44.875
89.126525508	-44.875
89.126693526	-44.875
89.150002526	-46.2465
89.151525544	-46.2465
89.151693562	-46.2465
89.175002562	-47.625
89.176525581	-47.625
89.1766936	-47.625
89.2000026	-47.7043
89.201525619	-47.7043
89.201693638	-47.7043
89.225002638	-46.3849
89.226525657	-46.3849
89.226693676	-46.3849
89.250002676	-45.1502
89.251525695	-45.1502
89.251693714	-45.1502
89.275002714	-44.7229
89.276525733	-44.7229
89.276693752	-44.7229
89.300002752	-45.1688
89.301525771	-45.1688
89.30169379	-45.1688
89.32500279	-46.3649
89.326525809	-46.3649
89.326693828	-46.3649
89.350002828	-47.3407
89.351525847	-47.3407
89.351693866	-47.3407
89.375002866	-47.0501
89.376525885	-47.0501
89.376693904	-47.0501
89.400002904	-45.6524
89.401525923	-45.6524
89.401693942	-45.6524
89.425002942	-44.5736
89.426525961	-44.5736
89.42669398	-44.5736
89.45000298	-44.3579
89.451525999	-44.3579
89.451694018	-44.3579
89.475003018	-45.0381
89.476526037	-45.0381
89.476694056	-45.0381
89.500003056	-46.2699
89.501526076	-46.2699
89.501694096	-46.2699
89.525003096	-47.3239
89.526526116	-47.3239
89.526694136	-47.3239
89.550003136	-47.0164
89.551526156	-47.0164
89.551694176	-47.0164
89.575003176	-45.5968
89.576526196	-45.5968
89.576694216	-45.5968
89.600003216	-44.2934
89.601526236	-44.2934
89.601694256	-44.2934
89.625003256	-43.779
89.626526276	-43.779
89.626694296	-43.779
89.650003296	-44.2397
89.651526316	-44.2397
89.651694336	-44.2397
89.675003336	-45.4393
89.676526356	-45.4393
89.676694376	-45.4393
89.700003376	-46.6491
89.701526396	-46.6491
89.701694416	-46.6491
89.725003416	-46.6353
89.726526436	-46.6353
89.726694456	-46.6353
89.750003456	-45.5925
89.751526476	-45.5925
89.751694496	-45.5925
89.775003496	-44.5667
89.776526516	-44.5667
89.776694536	-44.5667
89.800003536	-44.0509
89.801526557	-44.0509
89.801694578	-44.0509
89.825003578	-44.7431
89.826526599	-44.7431
89.82669462	-44.7431
89.85000362	-46.154
89.851526641	-46.154
89.851694662	-46.154
89.875003662	-47.4346
89.876526683	-47.4346
89.876694704	-47.4346
89.900003704	-47.0864
89.901526725	-47.0864
89.901694746	-47.0864
89.925003746	-45.6547
89.926526767	-45.6547
89.926694788	-45.6547
89.950003788	-44.6186
89.951526809	-44.6186
89.95169483	-44.6186
89.97500383	-44.5837
89.976526851	-44.5837
89.976694872	-44.5837
90.000003872	-45.5631
90.001526893	-45.5631
90.001694914	-45.5631
90.025003914	-47.9189
90.026526935	-47.9189
90.026694956	-47.9189
90.050003956	-45.6675
90.051526977	-45.6675
90.051694998	-45.6675
90.075003998	-48.9647
90.076527019	-48.9647
90.07669504	-48.9647
90.10000404	-45.4323
90.101527061	-45.4323
90.101695082	-45.4323
90.125004082	-45.5479
90.126527103	-45.5479
90.126695124	-45.5479
90.150004124	-46.396
90.151527145	-46.396
90.151695166	-46.396
90.175004166	-43.9106
90.176527187	-43.9106
90.176695208	-43.9106
90.200004208	-47.138
90.201527229	-47.138
90.20169525	-47.138
90.22500425	-44.0172
90.226527271	-44.0172
90.226695292	-44.0172
90.250004292	-45.6158
90.251527313	-45.6158
90.251695334	-45.6158
90.275004334	-45.6442
90.276527355	-45.6442
90.276695376	-45.6442
90.300004376	-43.907
90.301527397	-43.907
90.301695418	-43.907
90.325004418	-46.6738
90.326527439	-46.6738
90.32669546	-46.6738
90.35000446	-43.3767
90.351527481	-43.3767
90.351695502	-43.3767
90.375004502	-45.1169
90.376527523	-45.1169
90.376695544	-45.1169
90.400004544	-44.3073
90.401527565	-44.3073
90.401695586	-44.3073
90.425004586	-43.379
90.426527607	-43.379
90.426695628	-43.379
90.450004628	-45.9779
90.451527649	-45.9779
90.45169567	-45.9779
90.47500467	-43.097
90.476527691	-43.097
90.476695712	-43.097
90.500004712	-45.2027
90.501527733	-45.2027
90.501695754	-45.2027
90.525004754	-44.0612
90.526527774	-44.0612
90.526695794	-44.0612
90.550004794	-43.1396
90.551527814	-43.1396
90.551695834	-43.1396
90.575004834	-45.2169
90.576527854	-45.2169
90.576695874	-45.2169
90.600004874	-42.4342
90.601527894	-42.4342
90.601695914	-42.4342
90.625004914	-44.754
90.626527934	-44.754
90.626695954	-44.754
90.650004954	-43.5407
90.651527974	-43.5407
90.651695994	-43.5407
90.675004994	-43.2457
90.676528014	-43.2457
90.676696034	-43.2457
90.700005034	-45.4121
90.701528054	-45.4121
90.701696074	-45.4121
90.725005074	-42.5269
90.726528094	-42.5269
90.726696114	-42.5269
90.750005114	-44.5844
90.751528134	-44.5844
90.751696154	-44.5844
90.775005154	-43.4642
90.776528174	-43.4642
90.776696194	-43.4642
90.800005194	-42.9239
90.801528214	-42.9239
90.801696234	-42.9239
90.825005234	-45.2984
90.826528254	-45.2984
90.826696274	-45.2984
90.850005274	-42.7909
90.851528294	-42.7909
90.851696314	-42.7909
90.875005314	-45.1597
90.876528334	-45.1597
90.876696354	-45.1597
90.900005354	-44.391
90.901528374	-44.391
90.901696394	-44.391
90.925005394	-43.273
90.926528414	-43.273
90.926696434	-43.273
90.950005434	-46.2069
90.951528454	-46.2069
90.951696474	-46.2069
90.975005474	-43.4325
90.976528494	-43.4325
90.976696514	-43.4325
91.000005514	-45.6237
91.001528534	-45.6237
91.001696554	-45.6237
91.025005554	-45.9929
91.026528574	-45.9929
91.026696594	-45.9929
91.050005594	-44.3974
91.051528614	-44.3974
91.051696634	-44.3974
91.075005634	-47.5478
91.076528654	-47.5478
91.076696674	-47.5478
91.100005674	-44.6179
91.101528694	-44.6179
91.101696714	-44.6179
91.125005714	-45.6809
91.126528734	-45.6809
91.126696754	-45.6809
91.150005754	-47.8934
91.151528774	-47.8934
91.151696794	-47.8934
91.175005794	-44.9914
91.176528814	-44.9914
91.176696834	-44.9914
91.200005834	-47.8452
91.201528854	-47.8452
91.201696874	-47.8452
91.225005874	-47.8757
91.226528894	-47.8757
91.226696914	-47.8757
91.250005914	-47.588
91.251528934	-47.588
91.251696954	-47.588
91.275005954	-52.5062
91.276528974	-52.5062
91.276696994	-52.5062
91.300005994	-46.8298
91.301529014	-46.8298
91.301697034	-46.8298
91.325006034	-47.1562
91.326529054	-47.1562
91.326697074	-47.1562
91.350006074	-47.2374
91.351529094	-47.2374
91.351697114	-47.2374
91.375006114	-45.2655
91.376529134	-45.2655
91.376697154	-45.2655
91.400006154	-47.8505
91.401529174	-47.8505
91.401697194	-47.8505
91.425006194	-45.4176
91.426529214	-45.4176
91.426697234	-45.4176
91.450006234	-43.4702
91.451529254	-43.4702
91.451697274	-43.4702
91.475006274	-46.7409
91.476529294	-46.7409
91.476697314	-46.7409
91.500006314	-45.8937
91.501529334	-45.8937
91.501697354	-45.8937
91.525006354	-46.3468
91.526529374	-46.3468
91.526697394	-46.3468
91.550006394	-46.6706
91.551529413	-46.6706
91.551697432	-46.6706
91.575006432	-43.3337
91.576529451	-43.3337
91.57669747	-43.3337
91.60000647	-45.7805
91.601529489	-45.7805
91.601697508	-45.7805
91.625006508	-48.0798
91.626529527	-48.0798
91.626697546	-48.0798
91.650006546	-65.4669
91.651529576	-65.4669
91.651697606	-65.4669
91.675006606	-58.6367
91.676529636	-58.6367
91.676697666	-58.6367
91.700006666	-56.4068
91.701529696	-56.4068
91.701697726	-56.4068
91.725006726	-55.8346
91.726529756	-55.8346
91.726697786	-55.8346
91.750006786	-56.1734
91.751529816	-56.1734
91.751697846	-56.1734
91.775006846	-70.06
91.776529876	-70.06
91.776697906	-70.06
91.800006906	-59.7494
91.801529936	-59.7494
91.801697966	-59.7494
91.825006966	-62.4732
91.826529996	-62.4732
91.826698026	-62.4732
91.850007026	-54.7074
91.851530056	-54.7074
91.851698086	-54.7074
91.875007086	-61.3374
91.876530117	-61.3374
91.876698148	-61.3374
91.900007148	-56.9085
91.901530179	-56.9085
91.90169821	-56.9085
91.92500721	-66.2494
91.926530241	-66.2494
91.926698272	-66.2494
91.950007272	-59.3294
91.951530303	-59.3294
91.951698334	-59.3294
91.975007334	-54.2046
91.976530365	-54.2046
91.976698396	-54.2046
92.000007396	-58.4462
92.001530427	-58.4462
92.001698458	-58.4462
92.025007458	-54.3527
92.026530489	-54.3527
92.02669852	-54.3527
92.05000752	-64.2791
92.051530551	-64.2791
92.051698582	-64.2791
92.075007582	-65.3925
92.076530613	-65.3925
92.076698644	-65.3925
92.100007644	-61.3543
92.101530675	-61.3543
92.101698706	-61.3543
92.125007706	-52.5964
92.126530737	-52.5964
92.126698768	-52.5964
92.150007768	-54.2836
92.151530799	-54.2836
92.15169883	-54.2836
92.160025	-52.3382
92.175004	-55.7162
92.176527031	-55.7162
92.176695062	-55.7162
92.200004062	-56.9487
92.201527093	-56.9487
92.201695124	-56.9487
92.225004124	-59.8861
92.226527155	-59.8861
92.226695186	-59.8861
92.250004186	-57.329
92.251527217	-57.329
92.251695248	-57.329
92.275004248	-56.4555
92.276527279	-56.4555
92.27669531	-56.4555
92.30000431	-50.6354
92.301527341	-50.6354
92.301695372	-50.6354
92.325004372	-56.7381
92.326527403	-56.7381
92.326695434	-56.7381
92.350004434	-45.5133
92.351527452	-45.5133
92.35169547	-45.5133
92.37500447	-45.9293
92.376527488	-45.9293
92.376695506	-45.9293
92.400004506	-47.4286
92.401527524	-47.4286
92.401695542	-47.4286
92.425004542	-43.6722
92.42652756	-43.6722
92.426695578	-43.6722
92.450004578	-47.8333
92.451527596	-47.8333
92.451695614	-47.8333
92.475004614	-42.4279
92.476527632	-42.4279
92.47669565	-42.4279
92.50000465	-47.5393
92.501527668	-47.5393
92.501695686	-47.5393
92.525004686	-44.2738
92.526527704	-44.2738
92.526695722	-44.2738
92.550004722	-45.1197
92.55152774	-45.1197
92.551695758	-45.1197
92.575004758	-46.6613
92.576527776	-46.6613
92.576695794	-46.6613
92.600004794	-42.9725
92.601527812	-42.9725
92.60169583	-42.9725
92.62500483	-47.2486
92.626527848	-47.2486
92.626695866	-47.2486
92.650004866	-45.2983
92.651527884	-45.2983
92.651695902	-45.2983
92.675004902	-48.6178
92.676527919	-48.6178
92.676695936	-48.6178
92.700004936	-46.862
92.701527953	-46.862
92.70169597	-46.862
92.72500497	-46.952
92.726527987	-46.952
92.726696004	-46.952
92.750005004	-44.9281
92.751528021	-44.9281
92.751696038	-44.9281
92.775005038	-46.3658
92.776528055	-46.3658
92.776696072	-46.3658
92.800005072	-43.9216
92.801528089	-43.9216
92.801696106	-43.9216
92.825005106	-46.3755
92.826528123	-46.3755
92.82669614	-46.3755
92.85000514	-44.2215
92.851528157	-44.2215
92.851696174	-44.2215
92.875005174	-44.1097
92.876528191	-44.1097
92.876696208	-44.1097
92.900005208	-46.0431
92.901528225	-46.0431
92.901696242	-46.0431
92.925005242	-42.3452
92.926528259	-42.3452
92.926696276	-42.3452
92.950005276	-47.2439
92.951528293	-47.2439
92.95169631	-47.2439
92.97500531	-41.9121
92.976528327	-41.9121
92.976696344	-41.9121
93.000005344	-46.0426
93.001528361	-46.0426
93.001696378	-46.0426
93.025005378	-42.7044
93.026528395	-42.7044
93.026696412	-42.7044
93.050005412	-43.4632
93.051528429	-43.4632
93.051696446	-43.4632
93.075005446	-43.3872
93.076528463	-43.3872
93.07669648	-43.3872
93.10000548	-42.8023
93.101528497	-42.8023
93.101696514	-42.8023
93.125005514	-44.3148
93.12652853	-44.3148
93.126696546	-44.3148
93.150005546	-42.1542
93.151528562	-42.1542
93.151696578	-42.1542
93.175005578	-44.2916
93.176528594	-44.2916
93.17669661	-44.2916
93.20000561	-41.8146
93.201528626	-41.8146
93.201696642	-41.8146
93.225005642	-43.7278
93.226528658	-43.7278
93.226696674	-43.7278
93.250005674	-42.5546
93.25152869	-42.5546
93.251696706	-42.5546
93.275005706	-43.0607
93.276528722	-43.0607
93.276696738	-43.0607
93.300005738	-43.4087
93.301528754	-43.4087
93.30169677	-43.4087
93.32500577	-42.0181
93.326528786	-42.0181
93.326696802	-42.0181
93.350005802	-44.0648
93.351528818	-44.0648
93.351696834	-44.0648
93.375005834	-41.4826
93.37652885	-41.4826
93.376696866	-41.4826
93.400005866	-43.3671
93.401528882	-43.3671
93.401696898	-43.3671
93.425005898	-41.7899
93.426528914	-41.7899
93.42669693	-41.7899
93.45000593	-43.967
93.451528946	-43.967
93.451696962	-43.967
93.475005962	-42.4969
93.476528978	-42.4969
93.476696994	-42.4969
93.500005994	-42.6594
93.50152901	-42.6594
93.501697026	-42.6594
93.525006026	-43.626
93.526529042	-43.626
93.526697058	-43.626
93.550006058	-42.1931
93.551529074	-42.1931
93.55169709	-42.1931
93.57500609	-41.4973
93.576529106	-41.4973
93.576697122	-41.4973
93.600006122	-38.4872
93.601529138	-38.4872
93.601697154	-38.4872
93.625006154	-40.4679
93.626529169	-40.4679
93.626697184	-40.4679
93.650006184	-43.3616
93.651529199	-43.3616
93.651697214	-43.3616
93.675006214	-43.4198
93.676529229	-43.4198
93.676697244	-43.4198
93.700006244	-43.6372
93.701529259	-43.6372
93.701697274	-43.6372
93.725006274	-42.6483
93.726529289	-42.6483
93.726697304	-42.6483
93.750006304	-44.7197
93.751529319	-44.7197
93.751697334	-44.7197
93.775006334	-42.4307
93.776529349	-42.4307
93.776697364	-42.4307
93.800006364	-44.8504
93.801529379	-44.8504
93.801697394	-44.8504
93.825006394	-42.8579
93.826529409	-42.8579
93.826697424	-42.8579
93.850006424	-44.0129
93.851529439	-44.0129
93.851697454	-44.0129
93.875006454	-43.8533
93.876529469	-43.8533
93.876697484	-43.8533
93.900006484	-43.0634
93.901529499	-43.0634
93.901697514	-43.0634
93.925006514	-45.0111
93.926529529	-45.0111
93.926697544	-45.0111
93.950006544	-42.7699
93.951529559	-42.7699
93.951697574	-42.7699
93.975006574	-45.1464
93.976529589	-45.1464
93.976697604	-45.1464
94.000006604	-43.2518
94.001529619	-43.2518
94.001697634	-43.2518
94.025006634	-43.9867
94.026529649	-43.9867
94.026697664	-43.9867
94.050006664	-45.4363
94.051529679	-45.4363
94.051697694	-45.4363
94.075006694	-42.9645
94.076529709	-42.9645
94.076697724	-42.9645
94.100006724	-44.0749
94.101529739	-44.0749
94.101697754	-44.0749
94.125006754	-43.0101
94.126529769	-43.0101
94.126697784	-43.0101
94.150006784	-46.3872
94.151529799	-46.3872
94.151697814	-46.3872
94.175006814	-43.6358
94.176529829	-43.6358
94.176697844	-43.6358
94.200006844	-59.5578
94.201529869	-59.5578
94.201697894	-59.5578
94.225006894	-58.7675
94.226529919	-58.7675
94.226697944	-58.7675
94.250006944	-59.2949
94.251529969	-59.2949
94.251697994	-59.2949
94.275006994	-62.1503
94.276530019	-62.1503
94.276698044	-62.1503
94.300007044	-59.4579
94.301530069	-59.4579
94.301698094	-59.4579
94.325007094	-61.0214
94.326530119	-61.0214
94.326698144	-61.0214
94.350007144	-60.3065
94.351530169	-60.3065
94.351698194	-60.3065
94.375007194	-59.1298
94.376530219	-59.1298
94.376698244	-59.1298
94.400007244	-58.4726
94.401530269	-58.4726
94.401698294	-58.4726
94.425007294	-58.8206
94.426530319	-58.8206
94.426698344	-58.8206
94.450007344	-55.7972
94.451530364	-55.7972
94.451698384	-55.7972
94.475007384	-54.1357
94.476530404	-54.1357
94.476698424	-54.1357
94.500007424	-53.0794
94.501530444	-53.0794
94.501698464	-53.0794
94.525007464	-51.6056
94.526530484	-51.6056
94.526698504	-51.6056
94.550007504	-50.4571
94.551530524	-50.4571
94.551698544	-50.4571
94.575007544	-49.8468
94.576530564	-49.8468
94.576698584	-49.8468
94.600007584	-50.1865
94.601530604	-50.1865
94.601698624	-50.1865
94.625007624	-50.0973
94.626530644	-50.0973
94.626698664	-50.0973
94.650007664	-50.7281
94.651530684	-50.7281
94.651698704	-50.7281
94.675007704	-53.0404
94.676530724	-53.0404
94.676698744	-53.0404
94.700007744	-55.6774
94.701530764	-55.6774
94.701698784	-55.6774
94.725007784	-56.6105
94.726530804	-56.6105
94.726698824	-56.6105
94.750007824	-57.0348
94.751530844	-57.0348
94.751698864	-57.0348
94.775007864	-55.9093
94.776530884	-55.9093
94.776698904	-55.9093
94.800007904	-53.1103
94.801530924	-53.1103
94.801698944	-53.1103
94.825007944	-51.3929
94.826530964	-51.3929
94.826698984	-51.3929
94.850007984	-50.5819
94.851531004	-50.5819
94.851699024	-50.5819
94.875008024	-49.8395
94.876531044	-49.8395
94.876699064	-49.8395
94.900008064	-52.2602
94.901531084	-52.2602
94.901699104	-52.2602
94.925008104	-52.761
94.926531124	-52.761
94.926699144	-52.761
94.950008144	-53.1957
94.951531164	-53.1957
94.951699184	-53.1957
94.975008184	-52.8534
94.976531204	-52.8534
94.976699224	-52.8534
95.000008224	-53.0154
95.001531244	-53.0154
95.001699264	-53.0154
95.025008264	-53.5784
95.026531285	-53.5784
95.026699306	-53.5784
95.050008306	-53.2807
95.051531327	-53.2807
95.051699348	-53.2807
95.075008348	-52.7291
95.076531369	-52.7291
95.07669939	-52.7291
95.10000839	-53.4145
95.101531411	-53.4145
95.101699432	-53.4145
95.125008432	-53.5156
95.126531453	-53.5156
95.126699474	-53.5156
95.150008474	-52.9967
95.151531495	-52.9967
95.151699516	-52.9967
95.175008516	-76.4813
95.176531567	-76.4813
95.176897567	-76.4813
95.177389567	-76.4813
95.178358567	-76.4813
95.180398567	-76.4806
95.182969567	-76.4806
95.186550567	-76.4806
95.191913567	-76.4806
95.198734567	-76.4806
95.200008618	-76.4806
95.208821669	-66.8057
95.209145708	-66.8057
95.225006708	-66.0563
95.226529747	-66.0563
95.226697786	-66.0563
95.250006786	-76.839
95.251529825	-76.839
95.251904825	-76.839
95.252207825	-76.839
95.253221825	-76.839
95.254739825	-76.839
95.256374825	-76.8387
95.260414825	-76.8387
95.261160825	-76.8387
95.266136825	-69.0729
95.266324864	-69.0729
95.275008864	-67.4287
95.276531903	-67.4287
95.276735942	-67.4287
95.300008942	-72.7313
95.301531981	-72.7313
95.30173602	-72.7313
95.32500002	-72.4581
95.326523059	-72.4581
95.327015059	-72.4581
95.327239098	-72.4581
95.350008098	-70.5409
95.351531137	-70.5409
95.351735176	-70.5409
95.375008176	-83.4778
95.400003176	-70.6683
95.401526215	-70.6683
95.401730254	-70.6683
95.425003254	-74.9681
95.426526293	-74.9681
95.426730332	-74.9681
95.450003332	-76.3418
95.451526371	-76.3418
95.45173041	-76.3418
95.47500341	-72.8948
95.476526449	-72.8948
95.476730488	-72.8948
95.500003488	-70.7451
95.501526536	-70.7451
95.501730584	-70.7451
95.525003584	-77.9014
95.526526635	-77.9014
95.527027635	-77.9014
95.527447635	-77.9014
95.528416635	-77.9014
95.528944635	-77.9014
95.533180635	-73.7081
95.533404686	-73.7081
95.550008686	-70.8833
95.551531737	-70.8833
95.551735788	-70.8833
95.575008788	-78.3784
95.576531839	-78.3784
95.576980839	-78.3784
95.57720489	-78.3784
95.60000089	-71.7614
95.601523941	-71.7614
95.601747992	-71.7614
95.625002992	-84.1776
95.650006992	-82.9267
95.675001992	-86.6307
95.700005992	-68.4342
95.701529038	-68.4342
95.701753084	-68.4342
95.725008084	-68.2041
95.72653113	-68.2041
95.726755176	-68.2041
95.750001176	-68.4697
95.751524222	-68.4697
95.751748268	-68.4697
95.775003268	-62.7633
95.776526306	-62.7633
95.776750344	-62.7633
95.800005344	-67.5336
95.801528382	-67.5336
95.80175242	-67.5336
95.82500742	-68.2527
95.826530458	-68.2527
95.826754496	-68.2527
95.850000496	-68.3346
95.851523534	-68.3346
95.851747572	-68.3346
95.875002572	-68.5807
95.87652561	-68.5807
95.876749648	-68.5807
95.900004648	-68.8295
95.901527686	-68.8295
95.901751724	-68.8295
95.925006724	-68.4226
95.926529762	-68.4226
95.9267538	-68.4226
95.9500088	-68.6427
95.951531838	-68.6427
95.951719876	-68.6427
95.975001876	-68.7483
95.976524914	-68.7483
95.976748952	-68.7483
96.000003952	-68.9514
96.00152699	-68.9514
96.001715028	-68.9514
96.025006028	-65.9837
96.026529066	-65.9837
96.026717104	-65.9837
96.050008104	-66.9029
96.051531143	-66.9029
96.051719182	-66.9029
96.075001182	-72.4133
96.076524221	-72.4133
96.07671226	-72.4133
96.10000326	-68.576
96.101526299	-68.576
96.101714338	-68.576
96.125005338	-66.0658
96.126528377	-66.0658
96.126716416	-66.0658
96.150007416	-68.3621
96.151530455	-68.3621
96.151718494	-68.3621
96.175000494	-72.4286
96.176523533	-72.4286
96.176711572	-72.4286
96.200002572	-66.8327
96.201525611	-66.8327
96.20171365	-66.8327
96.22500465	-65.7435
96.226527689	-65.7435
96.226715728	-65.7435
96.250006728	-70.5976
96.251529767	-70.5976
96.251717806	-70.5976
96.275008806	-69.9891
96.276531845	-69.9891
96.276719884	-69.9891
96.300001884	-77.0023
96.301524923	-77.0023
96.301811923	-77.0023
96.302566923	-77.0023
96.302835923	-77.0023
96.303824923	-77.0023
96.305893923	-77.0018
96.306117962	-77.0018
96.325007962	-92.3175
96.350002962	-89.9606
96.375006962	-87.7353
96.400001962	-95.5961
96.425005962	-87.1022
96.450000962	-90.93
96.475004962	-89.2974
96.500008962	-89.4985
96.525003962	-86.283
96.550007962	-84.6472
96.575002962	-83.9636
96.600006962	-86.9055
96.625001962	-86.164
96.650005962	-87.5047
96.675000962	-86.2015
96.700004962	-91.6965
96.725008962	-82.2645
96.750003962	-85.8145
96.775007962	-84.9233
96.800002962	-91.0754
96.825006962	-84.9332
96.850001962	-88.9823
96.875005962	-85.1918
96.900000962	-85.1167
96.925004962	-68.6626
96.92652801	-68.6626
96.926752058	-68.6626
96.950007058	-70.4983
96.951530107	-70.4983
96.951754156	-70.4983
96.975000156	-68.9421
96.976523205	-68.9421
96.976747254	-68.9421
97.000002254	-70.1402
97.001525303	-70.1402
97.001749352	-70.1402
97.025004352	-70.2388
97.026527401	-70.2388
97.02675145	-70.2388
97.05000645	-88.4176
97.07500145	-84.3778
97.10000545	-82.3705
97.12500045	-83.2531
97.15000445	-78.4481
97.151527505	-78.4481
97.151931505	-78.4481
97.152470505	-78.4481
97.153765505	-78.4481
97.154772505	-78.4481
97.156040505	-78.4501
97.162303505	-78.4501
97.166199505	-78.4501
97.168997505	-78.4501
97.173226505	-78.4501
97.17500456	-78.4481
97.177706615	-78.4481
97.183759615	-79.3936
97.191901615	-78.5496
97.191961671	-78.5496
97.192153727	-78.5496
97.192545783	-78.5496
97.192674839	-78.5496
97.192986839	-78.5496
97.193802839	-78.5496
97.195014839	-78.5496
97.195911839	-78.5496
97.199337839	-78.5496
97.200008895	-78.5496
97.204582951	-78.5496
97.204975007	-78.5496
97.205149063	-78.5496
97.205488063	-78.5496
97.205782063	-78.5496
97.206139063	-78.5496
97.206775063	-78.5496
97.211515063	-78.5496
97.220469063	-86.8574
97.222700063	-86.8574
97.225002119	-86.8574
97.231501063	-81.7144
97.235577063	-81.7144
97.238780063	-81.7144
97.243016063	-81.7144
97.25000312	-81.9526
97.252921177	-81.9526
97.260950177	-87.5245
97.265348177	-87.5245
97.265903177	-87.5245
97.266530177	-87.5245
97.270802177	-87.5245
97.275005234	-80.9331
97.276861291	-80.9331
97.280025	-80.9331
97.285032057	-80.0522
97.294254057	-83.9578
97.300002114	-83.9558
97.302864057	-83.9558
97.303410057	-83.9558
97.309437057	-70.1011
97.3094971	-70.1011
97.309671143	-70.1011
97.310399186	-70.1011
97.325000186	-68.8945
97.326523229	-68.8945
97.326803272	-68.8945
97.350004272	-69.4667
97.351527315	-69.4667
97.351807358	-69.4667
97.375008358	-68.9468
97.376531401	-68.9468
97.376811444	-68.9468
97.400003444	-68.6774
97.401526487	-68.6774
97.40180653	-68.6774
97.42500753	-70.2727
97.426530573	-70.2727
97.426698616	-70.2727
97.450007616	-72.3475
97.451530659	-72.3475
97.451810702	-72.3475
97.475002702	-74.2756
97.476525745	-74.2756
97.477035745	-74.2756
97.477599745	-74.2756
97.478712745	-74.2756
97.479177745	-74.2756
97.481802745	-74.2763
97.482082788	-74.2763
97.500000788	-73.1372
97.501523831	-73.1372
97.502033831	-73.1372
97.502516831	-73.1372
97.502918831	-73.1372
97.504913831	-73.1372
97.507988831	-73.9988
97.508268875	-73.9988
97.525007875	-72.7802
97.526530919	-72.7802
97.526810963	-72.7802
97.550002963	-73.7689
97.551526007	-73.7689
97.551806051	-73.7689
97.575007051	-71.5034
97.576530095	-71.5034
97.576810139	-71.5034
97.600002139	-72.9138
97.601525183	-72.9138
97.601805227	-72.9138
97.625006227	-71.389
97.626529271	-71.389
97.626809315	-71.389
97.650001315	-71.1112
97.651524359	-71.1112
97.651804403	-71.1112
97.675005403	-71.5891
97.676528447	-71.5891
97.676808491	-71.5891
97.700000491	-78.638
97.701523544	-78.638
97.701803597	-78.638
97.725004597	-77.5537
97.72652765	-77.5537
97.726807703	-77.5537
97.750008703	-76.3678
97.751531756	-76.3678
97.751811809	-76.3678
97.775003809	-76.1319
97.776526862	-76.1319
97.776806915	-76.1319
97.800007915	-76.0556
97.801530968	-76.0556
97.801811021	-76.0556
97.825003021	-77.4425
97.826526074	-77.4425
97.826806127	-77.4425
97.850007127	-78.0764
97.85153018	-78.0764
97.851810233	-78.0764
97.875002233	-75.6857
97.876525286	-75.6857
97.876805339	-75.6857
97.900006339	-78.5343
97.901529392	-78.5343
97.901809445	-78.5343
97.925001445	-81.8412
97.926524503	-81.8412
97.926980503	-81.8412
97.927771503	-81.8412
97.929120503	-81.8412
97.930757503	-81.84
97.934536503	-81.84
97.941294503	-85.9496
97.949692503	-88.8963
97.950003561	-88.8963
97.958072503	-85.7124
97.959540503	-85.7124
97.964401503	-85.7124
97.964879503	-85.7124
97.975007561	-87.2691
98.000002561	-87.6565
98.025006561	-85.991
98.050001561	-87.1698
98.075005561	-86.8655
98.100000561	-97.6643
98.125004561	-89.7929
98.150008561	-87.0528
98.175003561	-92.1104
98.200007561	-90.4093
98.225002561	-93.078
98.250006561	-95.6548
98.275001561	-95.0567
98.300005561	-90.9128
98.325000561	-95.4629
98.350004561	-86.1582
98.375008561	-96.5327
98.400003561	-94.3946
98.425007561	-89.1917
98.450002561	-71.6443
98.451525605	-71.6443
98.451585649	-71.6443
98.451714693	-71.6443
98.451918737	-71.6443
98.475002737	-70.3523
98.476525781	-70.3523
98.476729825	-70.3523
98.500002825	-70.6837
98.501525869	-70.6837
98.501729913	-70.6837
98.525002913	-68.1191
98.526525957	-68.1191
98.526730001	-68.1191
98.550003001	-70.2935
98.551526045	-70.2935
98.551730089	-70.2935
98.575003089	-75.0894
98.576526133	-75.0894
98.576730177	-75.0894
98.600003177	-68.1606
98.601526221	-68.1606
98.601730265	-68.1606
98.625003265	-75.8285
98.626526309	-75.8285
98.626730353	-75.8285
98.650003353	-67.6809
98.651526397	-67.6809
98.651730441	-67.6809
98.675003441	-69.4496
98.676526485	-69.4496
98.676730529	-69.4496
98.700003529	-69.3895
98.701526573	-69.3895
98.701730617	-69.3895
98.725003617	-68.6709
98.726526661	-68.6709
98.726730705	-68.6709
98.750003705	-70.1479
98.751526749	-70.1479
98.751730793	-70.1479
98.775003793	-68.3182
98.776526837	-68.3182
98.776730881	-68.3182
98.800003881	-68.0305
98.801526924	-68.0305
98.801730967	-68.0305
98.825003967	-65.4716
98.826527009	-65.4716
98.826731051	-65.4716
98.850004051	-71.5057
98.851527093	-71.5057
98.851731135	-71.5057
98.875004135	-81.3474
98.876527177	-81.3474
98.876974177	-81.3474
98.877448177	-81.3474
98.877728219	-81.3474
98.900002219	-68.4278
98.901525261	-68.4278
98.901729303	-68.4278
98.925002303	-67.5325
98.926525345	-67.5325
98.926713387	-67.5325
98.950004387	-69.1466
98.951527429	-69.1466
98.951731471	-69.1466
98.975004471	-70.4959
98.976527513	-70.4959
98.976731555	-70.4959
99.000004555	-73.0436
99.001527597	-73.0436
99.001731639	-73.0436
99.025004639	-64.669
99.026527681	-64.669
99.026731723	-64.669
99.050004723	-67.3552
99.051527765	-67.3552
99.051731807	-67.3552
99.075004807	-67.6566
99.076527849	-67.6566
99.076731891	-67.6566
99.100004891	-77.8701
99.101527933	-77.8701
99.101902933	-77.8701
99.102421933	-77.8701
99.103662933	-77.8701
99.104183933	-77.8701
99.106484933	-77.8702
99.106760933	-77.8702
99.125006975	-67.7093
99.126530017	-67.7093
99.126590059	-67.7093
99.126791101	-67.7093
99.126995143	-67.7093
99.150007143	-72.2465
99.151530184	-72.2465
99.151734225	-72.2465
99.175007225	-67.8527
99.176530266	-67.8527
99.176734307	-67.8527
99.200007307	-73.8044
99.201530348	-73.8044
99.201734389	-73.8044
99.225007389	-72.3065
99.22653043	-72.3065
99.226734471	-72.3065
99.250007471	-55.1173
99.251530502	-55.1173
99.251734533	-55.1173
99.275007533	-59.418
99.276530564	-59.418
99.276734595	-59.418
99.300007595	-56.8172
99.301530626	-56.8172
99.301734657	-56.8172
99.325007657	-57.2529
99.326530688	-57.2529
99.326754719	-57.2529
99.350000719	-56.3826
99.35152375	-56.3826
99.351727781	-56.3826
99.375000781	-54.6167
99.376523812	-54.6167
99.376727843	-54.6167
99.400000843	-57.5404
99.401523874	-57.5404
99.401727905	-57.5404
99.425000905	-56.0433
99.426523936	-56.0433
99.426727967	-56.0433
99.450000967	-57.4073
99.451523998	-57.4073
99.451728029	-57.4073
99.475001029	-56.1102
99.47652406	-56.1102
99.476728091	-56.1102
99.500001091	-54.5127
99.501524123	-54.5127
99.501728155	-54.5127
99.525001155	-56.5933
99.526524187	-56.5933
99.526728219	-56.5933
99.550001219	-55.2073
99.551524251	-55.2073
99.551728283	-55.2073
99.575001283	-57.7627
99.576524315	-57.7627
99.576728347	-57.7627
99.600001347	-56.0226
99.601524379	-56.0226
99.601728411	-56.0226
99.625001411	-55.0809
99.626524443	-55.0809
99.626728475	-55.0809
99.650001475	-55.7274
99.651524507	-55.7274
99.651728539	-55.7274
99.675001539	-54.6375
99.676524571	-54.6375
99.676728603	-54.6375
99.700001603	-57.3083
99.701524635	-57.3083
99.701728667	-57.3083
99.725001667	-55.8147
99.726524699	-55.8147
99.726728731	-55.8147
99.750001731	-55.9845
99.751524763	-55.9845
99.751728795	-55.9845
99.775001795	-55.5455
99.776524827	-55.5455
99.776728859	-55.5455
99.800001859	-54.3126
99.801524891	-54.3126
99.801728923	-54.3126
99.825001923	-56.8691
99.826524956	-56.8691
99.826728989	-56.8691
99.850001989	-55.2989
99.851525022	-55.2989
99.851729055	-55.2989
99.875002055	-57.1568
99.876525088	-57.1568
99.876729121	-57.1568
99.900002121	-55.4682
99.901525154	-55.4682
99.901729187	-55.4682
99.925002187	-54.8676
99.92652522	-54.8676
99.926729253	-54.8676
99.950002253	-56.0105
99.951525286	-56.0105
99.951729319	-56.0105
99.975002319	-54.8594
99.976525352	-54.8594
99.976729385	-54.8594
100.000002385	-57.5184
100.001525418	-57.5184
