timestamp x y distance rxPower
70.0 1.32791 0.465953 1.5687017454917935 -35.1551
70.0015 1.31801 0.442999 1.5891452023339467 -34.7223
70.0265 1.3081 0.420045 1.6097153201808698 -33.8863
70.0515 1.2982 0.397091 1.6304111451658443 -35.6034
70.0765 1.28829 0.374137 1.651224278791043 -41.6528
70.1015 1.27839 0.351183 1.6721538480621332 -39.7963
70.1265 1.26848 0.328229 1.6931921883947494 -32.212
70.1515 1.25858 0.305275 1.7143384852545895 -32.0511
70.1765 1.24867 0.282321 1.735585755859099 -38.9224
70.2015 1.23876 0.259367 1.756931865010422 -38.903
70.2265 1.22886 0.236413 1.7783745404635662 -34.0696
70.2515 1.21895 0.213459 1.799907732963276 -35.9199
70.2765 1.20905 0.190505 1.8215306907996363 -39.3558
70.3015 1.19914 0.167551 1.843237932878173 -36.3974
70.3265 1.18924 0.144598 1.8650277100365025 -34.9038
70.3515 1.17933 0.121644 1.8868970590988794 -33.8411
70.3765 1.16943 0.0986896 1.9088446144325526 -35.8085
70.4015 1.15952 0.0757356 1.930865119967565 -34.3733
70.4265 1.14962 0.0527816 1.9529581771503863 -35.4487
70.4515 1.13971 0.0298277 1.9751196864461884 -37.4754
70.4765 1.12981 0.00687368 1.9973490339889877 -41.3823
70.5015 1.1199 0.0344435 1.969210086479411 -37.5673
70.5265 1.11 0.0573974 1.9457144861275923 -43.7622
70.5515 1.10009 0.0803514 1.9222561628414563 -37.8982
70.5765 1.09018 0.103305 1.8988376327177108 -34.8221
70.6015 1.08028 0.126259 1.8754600005014768 -33.4375
70.6265 1.07037 0.149213 1.8521243090756625 -38.2066
70.6515 1.06047 0.172167 1.8288329876697327 -41.4306
70.6765 1.05056 0.195121 1.805587028708669 -37.8194
70.7015 1.04066 0.218075 1.782388829976501 -36.7195
70.7265 1.03075 0.241029 1.7592397623237717 -33.53
70.7515 1.02085 0.263983 1.736142202352388 -34.1479
70.7765 1.01094 0.286937 1.7130979322762023 -36.5807
70.8015 1.00104 0.309891 1.690109319979332 -35.7184
70.8265 0.991131 0.332845 1.6671785906692778 -35.2573
70.8515 0.981226 0.355799 1.6443081802013273 -33.6484
70.8765 0.971321 0.378753 1.6215006383131645 -35.5903
70.9015 0.961415 0.401707 1.598758679749386 -35.4631
70.9265 0.95151 0.424661 1.5760851008181633 -32.5746
70.9515 0.941605 0.447615 1.5534829140515194 -32.267
70.9765 0.931699 0.470569 1.5309553260503717 -32.1625
71.0015 0.921794 0.493523 1.5085055949399062 -36.0499
71.0265 0.911889 0.516477 1.4861372883586494 -37.1995
71.0515 0.901983 0.539431 1.4638542058722923 -34.7745
71.0765 0.892078 0.562385 1.4416601701888696 -32.0898
71.1015 0.882173 0.585339 1.4195594199786072 -30.2918
71.1265 0.872267 0.608293 1.397556472253626 -34.2227
71.1515 0.862362 0.631247 1.3756558414272808 -34.8866
71.1765 0.852457 0.654201 1.3538625798987134 -33.1814
71.2015 0.842551 0.677155 1.332182075253229 -32.2723
71.2265 0.832646 0.700109 1.310619690526966 -30.5499
71.2515 0.822741 0.723063 1.289181467075136 -31.9646
71.2765 0.812835 0.746017 1.267873850788792 -32.0626
71.3015 0.80293 0.768971 1.2467032460617884 -32.1415
71.3265 0.793025 0.791925 1.2256768971674388 -32.6891
71.3515 0.783119 0.814878 1.2048035205148597 -31.2621
71.3765 0.773214 0.837832 1.1840888269129135 -32.0601
71.4015 0.763309 0.860786 1.1635425077224295 -30.1855
71.4265 0.753403 0.88374 1.1431738572977428 -29.8363
71.4515 0.743498 0.906694 1.1229921129019564 -33.0572
71.4765 0.733593 0.929648 1.1030077486368806 -32.9889
71.5015 0.723687 0.952602 1.0832319439404472 -31.1147
71.5265 0.713782 0.975556 1.0636758212256212 -29.5674
71.5515 0.703877 0.99851 1.0443519766960754 -29.8442
71.5765 0.693971 1.02146 1.025277660168698 -33.2204
71.6015 0.684066 1.04442 1.006452894454579 -32.8419
71.6265 0.674161 1.06737 0.9879118234037895 -31.192
71.6515 0.664255 1.09033 0.9696515940919191 -30.0946
71.6765 0.654349 1.11328 0.9517073984166562 -30.6847
71.7015 0.644444 1.13624 0.9340778376216835 -31.0643
71.7265 0.634538 1.15919 0.9168009214349645 -31.2004
71.7515 0.624633 1.18214 0.8998863063126364 -34.7741
71.7765 0.614728 1.2051 0.8833462084505711 -31.6348
71.8015 0.604822 1.22805 0.867221110319623 -29.3383
71.8265 0.594917 1.25101 0.8515152711425674 -28.9029
71.8515 0.585012 1.27396 0.8362709619160528 -28.7507
71.8765 0.575106 1.29691 0.8215049965374526 -28.5434
71.9015 0.565201 1.31987 0.8072341589037222 -28.9065
71.9265 0.555296 1.34282 0.7935031190965793 -29.1634
71.9515 0.54539 1.36578 0.780323817719285 -26.3697
71.9765 0.535491 1.38873 0.7677366892242418 -26.7464
72.0015 0.542539 1.41272 0.7444248551203809 -28.1499
72.0265 0.549587 1.4367 0.7212341925955811 -29.584
72.0515 0.556635 1.46069 0.6981602962966312 -25.9174
72.0765 0.563683 1.48467 0.67523146652759 -26.8117
72.1015 0.570731 1.50866 0.6524468330530849 -27.1314
72.1265 0.577779 1.53265 0.6298306084503991 -27.9695
72.1515 0.584827 1.55663 0.6074089041403657 -26.6004
72.1765 0.591875 1.58062 0.5851885166551032 -23.9608
72.2015 0.598923 1.6046 0.5632085936214042 -26.3976
72.2265 0.605971 1.62859 0.5414833708813226 -25.7767
72.2515 0.613019 1.65258 0.520052834586064 -24.2905
72.2765 0.620067 1.67656 0.49896143948104843 -24.9797
72.3015 0.627115 1.70055 0.4782400294046913 -23.7089
72.3265 0.634163 1.72453 0.4579524336314854 -24.5506
72.3515 0.641211 1.74852 0.4381457941382069 -23.0814
72.3765 0.648259 1.7725 0.4189009203630376 -23.1426
72.4015 0.655307 1.79649 0.40028687756283 -23.7882
72.4265 0.662355 1.82048 0.38240237502531277 -21.7258
72.4515 0.669403 1.84446 0.36535882089940025 -22.1018
72.4765 0.676451 1.86845 0.3492697494788233 -21.6221
72.5015 0.683499 1.89243 0.33428159970450066 -21.2168
72.5265 0.690547 1.91642 0.3205413789341401 -21.6516
72.5515 0.697595 1.94041 0.3082202980418389 -20.0982
72.5765 0.704643 1.96439 0.297495931987313 -19.4261
72.6015 0.711692 1.98838 0.28854207191326536 -19.8064
72.6265 0.71874 2.01236 0.28153144975295386 -20.2237
72.6515 0.725788 2.03635 0.2766108158478262 -19.7615
72.6765 0.732836 2.06034 0.27389326113652374 -19.3941
72.7015 0.739884 2.08432 0.2734413938232469 -19.4106
72.7265 0.746932 2.10831 0.27527162716851145 -19.7231
72.7515 0.75398 2.13229 0.27933221171214745 -20.0883
72.7765 0.761028 2.15628 0.28553643407453283 -19.7199
72.8015 0.768076 2.18027 0.29374481216865783 -19.8411
72.8265 0.775124 2.20425 0.303788212207123 -20.2464
72.8515 0.782172 2.22824 0.3155036215069488 -21.1023
72.8765 0.78922 2.25222 0.3286991585021171 -21.3998
72.9015 0.796268 2.27621 0.3432181404354961 -21.3339
72.9265 0.803316 2.3002 0.3588936274942756 -20.9685
72.9515 0.810364 2.32418 0.3755722099623454 -21.1471
72.9765 0.817412 2.34817 0.3931421201601274 -22.7141
73.0015 0.82446 2.37215 0.4114728594937946 -23.777
73.0265 0.831508 2.39614 0.43048397608273403 -24.0448
73.0515 0.838556 2.42013 0.4500815282101676 -24.2876
73.0765 0.845604 2.44411 0.4701827484244821 -25.3678
73.1015 0.852652 2.4681 0.4907433576769024 -24.8298
73.1265 0.8597 2.49208 0.5116901566377842 -23.4224
73.1515 0.866748 2.51607 0.5329956288788869 -24.3695
73.1765 0.873796 2.54005 0.554600263357312 -25.5487
73.2015 0.880844 2.56404 0.5764887457149531 -26.0007
73.2265 0.887893 2.58803 0.598621132561322 -25.4558
73.2515 0.894941 2.61201 0.6209618616155104 -27.3568
73.2765 0.901989 2.636 0.6435076970176814 -26.5825
73.3015 0.909037 2.65998 0.6662190839123419 -25.6866
73.3265 0.916085 2.68397 0.689098460399528 -25.4466
73.3515 0.923133 2.70796 0.7121207041569567 -27.771
73.3765 0.930181 2.73194 0.7352624404666674 -28.2329
73.4015 0.937229 2.75593 0.7585317154483393 -28.5785
73.4265 0.944277 2.77991 0.7818981140973548 -29.2316
73.4515 0.951325 2.8039 0.8053722528278461 -29.4429
73.4765 0.958373 2.82789 0.8289358595386015 -27.1325
73.5015 0.965421 2.85187 0.8525715243549951 -26.7503
73.5265 0.972469 2.87586 0.8762925855905662 -29.3344
73.5515 0.979517 2.89984 0.9000730964143969 -31.9023
73.5765 0.986565 2.92383 0.9239276855495782 -31.4146
73.6015 0.993613 2.94782 0.9478415195426925 -29.3103
73.6265 1.00066 2.9718 0.9718002241201634 -30.7022
73.6515 1.00771 2.99579 0.9958198472615416 -31.0929
73.6765 1.01476 3.01977 1.019876811433616 -30.4391
73.7015 1.02181 3.04376 1.043987841739548 -28.4747
73.7265 1.02885 3.06775 1.0681396842173783 -30.0353
73.7515 1.0359 3.09173 1.0923201009319568 -31.7882
73.7765 1.04295 3.11572 1.1165463809891643 -35.2485
73.8015 1.05 3.1397 1.1407962526235786 -31.8941
73.8265 1.05705 3.16369 1.1650876012558025 -31.6314
73.8515 1.06409 3.18768 1.1894079663849573 -31.6653
73.8765 1.07114 3.21166 1.213746619027217 -33.051
73.9015 1.07819 3.23565 1.2381213989750763 -32.1323
73.9265 1.08524 3.25963 1.2625108294585041 -30.5517
73.9515 1.09229 3.28362 1.2869334670059676 -30.6174
73.9765 1.09933 3.30761 1.3113772763777782 -31.8309
74.0015 1.10638 3.33159 1.335832561551035 -36.0054
74.0265 1.11343 3.35558 1.3603174266692313 -36.8334
74.0515 1.12048 3.37956 1.3848108982817835 -35.8451
74.0765 1.12753 3.40355 1.409331935138064 -32.0745
74.1015 1.13457 3.42753 1.4338587747055145 -32.3614
74.1265 1.14162 3.45152 1.4584123336011665 -32.6738
74.1515 1.14867 3.47551 1.482980960430713 -33.8399
74.1765 1.15572 3.49949 1.5075539720023297 -33.7589
74.2015 1.16277 3.52348 1.5321505746172601 -32.3778
74.2265 1.16981 3.54746 1.5567491409022842 -33.0147
74.2515 1.17686 3.57145 1.581371101955515 -32.6333
74.2765 1.18391 3.59544 1.606004882215493 -35.56
74.3015 1.19096 3.61942 1.6306400148407985 -37.1732
74.3265 1.19801 3.64341 1.655295861228439 -38.9297
74.3515 1.20505 3.66739 1.6799508667220004 -37.1129
74.3765 1.2121 3.69138 1.7046268548864294 -34.6769
74.4015 1.21915 3.71537 1.7293122793179951 -34.0145
74.4265 1.2262 3.73935 1.7539968251111515 -32.186
74.4515 1.23325 3.76334 1.7786999516781912 -34.789
74.4765 1.24029 3.78732 1.8034001404291837 -34.7564
74.5015 1.24734 3.81131 1.828119523362737 -35.4971
74.5265 1.25439 3.8353 1.8528465565448209 -34.6712
74.5515 1.26144 3.85928 1.8775710351408812 -32.9542
74.5765 1.26849 3.88327 1.902312480377501 -35.0386
74.6015 1.27553 3.90725 1.9270493878985042 -34.571
74.6265 1.28258 3.93124 1.951804138226989 -39.1503
74.6515 1.28963 3.95523 1.9765651746906803 -41.1067
74.6765 1.29668 3.97921 2.0013223744564494 -41.6281
74.7015 1.30373 4.0032 2.0260952970924144 -40.1083
74.7265 1.31078 4.02718 2.0508639547273737 -34.9347
74.7515 1.31782 4.05117 2.0756463863818424 -34.9504
74.7765 1.32487 4.07516 2.1004355601874583 -34.1771
74.8015 1.33192 4.09914 2.125219900622051 -36.6929
74.8265 1.33897 4.12313 2.15001899010218 -36.7782
74.8515 1.34602 4.14711 2.1748129097694813 -34.2964
74.8765 1.35306 4.1711 2.1996196429382966 -35.396
74.9015 1.36011 4.19509 2.224432359097485 -35.1698
74.9265 1.36716 4.21907 2.249239456016189 -36.7588
74.9515 1.37421 4.24306 2.274060528591972 -38.0677
74.9765 1.38126 4.26704 2.298875714169863 -36.3538
75.0015 1.3883 4.29103 2.3237029394696735 -37.1636
75.0265 1.39535 4.31501 2.3485256912795314 -38.1409
75.0515 1.4024 4.339 2.3733619108766373 -38.1501
75.0765 1.40945 4.36299 2.3982016267611863 -43.659
75.1015 1.4165 4.38697 2.4230348802483217 -42.3898
75.1265 1.42354 4.41096 2.447879542216079 -45.503
75.1515 1.43059 4.43494 2.47271926261353 -42.754
75.1765 1.43764 4.45892 2.4975620785077597 -37.5461
75.2015 1.44469 4.48291 2.5224177418104246 -38.561
75.2265 1.45173 4.50689 2.547264702578042 -36.3322
75.2515 1.45878 4.53088 2.5721260977642597 -36.8877
75.2765 1.46583 4.55487 2.596990239835337 -37.7835
75.3015 1.47288 4.57885 2.621847214637039 -36.0333
75.3265 1.47993 4.60284 2.6467166207397415 -38.3379
75.3515 1.48697 4.62682 2.6715768926422467 -37.6336
75.3765 1.49402 4.65081 2.6964512635128415 -35.4896
75.4015 1.50107 4.6748 2.7213280186151763 -38.4656
75.4265 1.50812 4.69878 2.746197265820502 -40.7849
75.4515 1.51517 4.72277 2.7710785989935394 -40.0863
75.4765 1.52221 4.74675 2.7959504370785973 -39.2233
75.5015 1.52926 4.77074 2.820836098606227 -37.199
75.5265 1.53631 4.79473 2.8457238427155933 -37.7257
75.5515 1.54336 4.81871 2.8706037960157444 -43.6532
75.5765 1.55041 4.8427 2.89549554620621 -42.8786
75.6015 1.55745 4.86668 2.9203774969856204 -42.0121
75.6265 1.5645 4.89067 2.9452730431829237 -45.2932
75.6515 1.57155 4.91466 2.970170419033224 -41.7746
75.6765 1.5786 4.93864 2.9950597672834514 -41.4923
75.7015 1.58565 4.96263 3.0199606685187144 -42.735
75.7265 1.59269 4.98661 3.0448515116832873 -42.9524
75.7515 1.59974 5.0106 3.0697557602519456 -50.1807
75.7765 1.60679 5.03458 3.0946518189450654 -43.9929
75.8015 1.61384 5.05857 3.119559262219584 -36.5639
75.8265 1.62089 5.08256 3.1444682452999904 -38.966
75.8515 1.62793 5.10654 3.1693669488558753 -39.4394
75.8765 1.63498 5.13053 3.194278898483976 -39.2863
75.9015 1.64203 5.15451 3.2191824833333076 -39.7406
75.9265 1.64908 5.1785 3.2440972698733925 -39.6731
75.9515 1.65613 5.20249 3.269013425637772 -37.1141
75.9765 1.66317 5.22647 3.2939191109983255 -37.4539
76.0015 1.67022 5.25046 3.318837908063604 -39.6471
76.0265 1.67727 5.27444 3.3437481912518474 -40.7343
76.0515 1.68432 5.29843 3.3686695188605245 -39.9713
76.0765 1.69137 5.32242 3.3935920693713326 -41.3346
76.1015 1.69841 5.3464 3.418503983923377 -39.081
76.1265 1.70546 5.37039 3.443428896274759 -39.8986
76.1515 1.71251 5.39437 3.468345166934802 -44.7094
76.1765 1.71956 5.41836 3.4932723459816297 -43.1989
76.2015 1.72661 5.44235 3.5182006217099104 -42.6226
76.2265 1.73366 5.46633 3.5431201877017946 -45.8994
76.2515 1.7407 5.49032 3.5680485131791575 -43.0533
76.2765 1.74775 5.5143 3.5929701574741757 -40.3842
76.3015 1.7548 5.53829 3.617902591847934 -49.4438
76.3265 1.76185 5.56228 3.642836013451608 -54.2694
76.3515 1.7689 5.58626 3.667760624359229 -45.1396
76.3765 1.77594 5.61025 3.6926938603274437 -45.3385
76.4015 1.78299 5.63423 3.717620345462941 -49.8428
76.4265 1.79004 5.65822 3.7425575172600887 -44.5471
76.4515 1.79709 5.68221 3.7674955809131356 -44.0808
76.4765 1.80414 5.70619 3.7924247462144853 -51.8968
76.5015 1.81118 5.73018 3.8173624172719047 -52.6047
76.5265 1.81823 5.75416 3.8422932785642483 -41.1566
76.5515 1.82528 5.77815 3.8672347356864702 -41.7642
76.5765 1.83233 5.80214 3.892177001178132 -41.1651
76.6015 1.83938 5.82612 3.9171102918860994 -42.6433
76.6265 1.84642 5.85011 3.9420519819632007 -42.355
76.6515 1.85347 5.87409 3.966986812304775 -44.2021
76.6765 1.86052 5.89808 3.991932158341372 -39.3795
76.7015 1.86757 5.92207 4.016878239354536 -37.7951
76.7265 1.87462 5.94605 4.041815278671206 -41.3194
76.7515 1.88166 5.97004 4.066760622067642 -46.3671
76.7765 1.88871 5.99402 4.091699063286546 -39.5775
76.8015 1.89576 5.9628 4.062778583383544 -40.99
76.8265 1.90281 5.93881 4.040951634479185 -44.9297
76.8515 1.90986 5.91483 4.0191714504982246 -45.3212
76.8765 1.91691 5.89084 3.9974191491135875 -42.2169
76.9015 1.92395 5.86686 3.9757124974147717 -40.2117
76.9265 1.931 5.84287 3.9540372831954933 -40.7862
76.9515 1.93805 5.81888 3.932401588965705 -42.2875
76.9765 1.9451 5.7949 3.910815774234322 -41.8959
77.0015 1.95215 5.77091 3.8892610931383866 -39.2693
77.0265 1.95919 5.74693 3.867755147498352 -42.7026
77.0515 1.96624 5.72294 3.846284178424678 -45.0607
77.0765 1.97329 5.69895 3.8248561445628253 -48.4412
77.1015 1.98034 5.67497 3.8034814336999205 -46.1634
77.1265 1.98739 5.65098 3.7821414532642743 -41.1061
77.1515 1.99443 5.627 3.7608536298159754 -38.0558
77.1765 2.00148 5.60301 3.7396046917421635 -37.9072
77.2015 2.00853 5.57902 3.718402468977773 -40.8582
77.2265 2.01558 5.55504 3.697257380545747 -42.296
77.2515 2.02263 5.53105 3.6761510060659908 -44.2005
77.2765 2.02967 5.50707 3.6551005860030714 -40.6779
77.3015 2.03672 5.48308 3.63409337315375 -39.6662
77.3265 2.04377 5.45909 3.613137063688561 -38.4782
77.3515 2.05082 5.43511 3.5922421110637854 -39.1473
77.3765 2.05787 5.41112 3.571390288291102 -38.6892
77.4015 2.06491 5.38714 3.550598637934172 -39.8822
77.4265 2.07196 5.36315 3.5298549777717496 -42.105
77.4515 2.07901 5.33916 3.509166864898276 -43.6108
77.4765 2.08606 5.31518 3.4885447905967895 -45.1567
77.5015 2.09311 5.29119 3.4679707450034813 -41.4705
77.5265 2.10015 5.26721 3.4474615598437066 -39.5221
77.5515 2.1072 5.24322 3.42700566214881 -38.7631
77.5765 2.11425 5.21923 3.406610464288513 -40.5499
77.6015 2.1213 5.19525 3.3862864988804473 -43.1048
77.6265 2.12835 5.17126 3.3660159996797403 -44.2427
77.6515 2.13539 5.14728 3.3458155732945 -42.0271
77.6765 2.14244 5.12329 3.3256743042126056 -39.0696
77.7015 2.14949 5.0993 3.3055994539720026 -40.4693
77.7265 2.15654 5.07532 3.285601600011784 -38.3081
77.7515 2.16359 5.05133 3.2656632491731297 -38.1036
77.7765 2.17063 5.02735 3.245800767052716 -38.3272
77.8015 2.17768 5.00336 3.2260039479207085 -40.8216
77.8265 2.18473 4.97937 3.2062798957358667 -43.8845
77.8515 2.19178 4.95539 3.18663923601339 -40.6962
77.8765 2.19883 4.9314 3.167064781291977 -36.6293
77.9015 2.20588 4.90742 3.147576469412618 -36.8179
77.9265 2.21292 4.88343 3.128153367611633 -42.8616
77.9515 2.21997 4.85944 3.1088139079880612 -42.2441
77.9765 2.22702 4.83546 3.08956493571506 -43.3302
78.0015 2.24504 4.81813 3.0809059217217265 -39.3441
78.0265 2.26305 4.80079 3.072412720745701 -37.9495
78.0515 2.28106 4.78346 3.0641090540644926 -41.6434
78.0765 2.29908 4.76612 3.055982444452193 -37.8094
78.1015 2.31709 4.74879 3.0480440502394317 -40.9479
78.1265 2.33511 4.73145 3.040285811334191 -43.9139
78.1515 2.35312 4.71412 3.0327184354634706 -40.8598
78.1765 2.37113 4.69678 3.025329708527651 -35.4009
78.2015 2.38915 4.67945 3.0181434732298595 -39.7105
78.2265 2.40716 4.66211 3.0111341580374664 -44.5306
78.2515 2.42518 4.64478 3.0043300885222317 -45.459
78.2765 2.44319 4.62744 2.9977055108365795 -38.4806
78.3015 2.4612 4.61011 2.9912839470869357 -42.1827
78.3265 2.47922 4.59277 2.985054116980126 -36.1484
78.3515 2.49723 4.57544 2.979024818040293 -38.9725
78.3765 2.51525 4.5581 2.9731898984928624 -41.0346
78.4015 2.53326 4.54077 2.9675576524306986 -44.9306
78.4265 2.55127 4.52343 2.962117076990712 -36.6313
78.4515 2.56929 4.5061 2.956891664248117 -41.7242
78.4765 2.5873 4.48876 2.9518549469105015 -38.9075
78.5015 2.60532 4.47143 2.947035552432308 -40.8789
78.5265 2.62333 4.45409 2.9424068408362567 -41.4344
78.5515 2.64134 4.43676 2.937991881064343 -42.6453
78.5765 2.65936 4.41943 2.933788870130228 -35.7198
78.6015 2.67737 4.40209 2.929779255336484 -41.0904
78.6265 2.69539 4.38476 2.9259917138809537 -39.0819
78.6515 2.7134 4.36742 2.922399188406676 -40.4299
78.6765 2.73141 4.35009 2.9190244254202464 -48.3284
78.7015 2.74943 4.33275 2.9158580019267055 -39.3922
78.7265 2.76744 4.31542 2.9129047238109242 -37.8287
78.7515 2.78546 4.29808 2.9101613525713654 -38.1578
78.7765 2.80347 4.28075 2.9076321299985666 -36.7468
78.8015 2.82148 4.26341 2.905307938670185 -41.0275
78.8265 2.8395 4.24608 2.903211259347139 -38.1012
78.8515 2.85751 4.22874 2.9013144241360673 -40.0565
78.8765 2.87553 4.21141 2.8996460075326436 -37.953
78.9015 2.89354 4.19407 2.89817820302686 -37.3147
78.9265 2.91156 4.17674 2.896939533576771 -37.3223
78.9515 2.92957 4.1594 2.8959020606539854 -38.5387
78.9765 2.94758 4.14207 2.8950875187634657 -40.5375
79.0015 2.9656 4.12473 2.894488026041911 -39.446
79.0265 2.98361 4.1074 2.894104937990328 -39.7161
79.0515 3.00163 4.09006 2.8939373629192464 -38.0754
79.0765 3.01964 4.07273 2.8939860715801657 -38.0361
79.1015 3.03765 4.05539 2.894243523720836 -38.651
79.1265 3.05567 4.03806 2.894731025933152 -36.6261
79.1515 3.07368 4.02072 2.8954201872612546 -37.0696
79.1765 3.0917 4.00339 2.896339134511012 -43.0844
79.2015 3.10971 3.98606 2.897466239268372 -38.7679
79.2265 3.12772 3.96872 2.8988016208081575 -43.3255
79.2515 3.14574 3.95139 2.900366025125105 -37.5496
79.2765 3.16375 3.93405 2.9021308490486777 -36.9164
79.3015 3.18177 3.91672 2.9041239455815244 -39.3401
79.3265 3.19978 3.89938 2.906316643588582 -39.6152
79.3515 3.21779 3.88205 2.908729050049179 -40.477
79.3765 3.23581 3.86471 2.91135530985141 -38.775
79.4015 3.25382 3.84738 2.914192419316199 -43.7078
79.4265 3.27184 3.83004 2.9172424285958822 -37.3148
79.4515 3.28985 3.81271 2.9205017662381234 -43.9011
79.4765 3.30786 3.79537 2.9239649820919538 -35.8158
79.5015 3.32588 3.77804 2.927651621351147 -37.873
79.5265 3.34389 3.7607 2.9315328451340945 -37.5599
79.5515 3.36191 3.74337 2.9356358433906613 -41.698
79.5765 3.37992 3.72603 2.9399317623543575 -36.7101
79.6015 3.39793 3.7087 2.944439500974676 -42.2893
79.6265 3.41595 3.69136 2.949154633467021 -38.7612
79.6515 3.43396 3.67403 2.9540713807387933 -41.3669
79.6765 3.45198 3.65669 2.959193754470971 -41.1181
79.7015 3.46999 3.63936 2.9645154426482585 -38.1777
79.7265 3.488 3.62202 2.9700324712703057 -36.7621
79.7515 3.50602 3.60469 2.9757631351470164 -42.3778
79.7765 3.52403 3.58735 2.9816786318112825 -39.7847
79.8015 3.54205 3.57002 2.9878053823667967 -38.0255
79.8265 3.56006 3.55269 2.994119810511931 -37.7632
79.8515 3.57807 3.53535 3.0006240263318564 -46.6548
79.8765 3.59609 3.51802 3.0073356993358753 -41.3724
79.9015 3.6141 3.50068 3.014226148184638 -41.4278
79.9265 3.63212 3.48335 3.021321385900547 -41.6748
79.9515 3.65013 3.46601 3.0285927981490017 -47.7947
79.9765 3.66814 3.44868 3.0360574437912073 -38.9829
80.0015 3.68616 3.43134 3.04371315028207 -39.0534
80.0265 3.70417 3.41401 3.0515503713686263 -38.3728
80.0515 3.72219 3.39667 3.0595760302695534 -42.7928
80.0765 3.7402 3.37934 3.0677801217818725 -38.0817
80.1015 3.75821 3.362 3.076160984750311 -36.9281
80.1265 3.77623 3.34467 3.0847350650906797 -41.0304
80.1515 3.79424 3.32733 3.093474116022308 -38.8125
80.1765 3.81226 3.31 3.1024033115634726 -40.5405
80.2015 3.83027 3.29266 3.1114945200819495 -38.3499
80.2265 3.84829 3.27533 3.1207727461319577 -46.0297
80.2515 3.8663 3.25799 3.130209981790359 -41.5383
80.2765 3.88431 3.24066 3.1398218757916827 -38.989
80.3015 3.90233 3.22332 3.1496081107496536 -38.708
80.3265 3.92034 3.20599 3.1595565504829946 -38.6821
80.3515 3.93836 3.18865 3.169676373401549 -44.6024
80.3765 3.95637 3.17132 3.179955049886712 -35.5764
80.4015 3.97438 3.15398 3.190392801019962 -40.8183
80.4265 3.9924 3.13665 3.201004683298667 -36.9475
80.4515 3.97518 3.11931 3.178765626544367 -39.3903
80.4765 3.95716 3.10198 3.1558129199938327 -36.6672
80.5015 3.93915 3.08465 3.1329009472053215 -39.9593
80.5265 3.92113 3.06731 3.110008217513259 -34.8362
80.5515 3.90312 3.04998 3.087161112543367 -39.1348
80.5765 3.88511 3.03264 3.0643441519679215 -40.3577
80.6015 3.86709 3.01531 3.0415554350036103 -36.4571
80.6265 3.84908 2.99797 3.0188078718759166 -42.3792
80.6515 3.83106 2.98064 2.9960900409033107 -36.5249
80.6765 3.81305 2.9633 2.9734150723536734 -39.4644
80.7015 3.79504 2.94597 2.9507808869009575 -38.8546
80.7265 3.77702 2.92863 2.928172426155946 -38.8985
80.7515 3.75901 2.9113 2.90561591923296 -39.4723
80.7765 3.74099 2.89396 2.8830870021038213 -36.8236
80.8015 3.72298 2.87663 2.8606118641472493 -40.4956
80.8265 3.70497 2.85929 2.8381758234823997 -39.2607
80.8515 3.68695 2.84196 2.8157764371661327 -38.0775
80.8765 3.66894 2.82462 2.793427798959551 -41.4632
80.9015 3.65092 2.80729 2.771117823279985 -39.7719
80.9265 3.63291 2.78995 2.748860867814157 -40.0731
80.9515 3.6149 2.77262 2.7266543004935553 -46.252
80.9765 3.59688 2.75528 2.7044839827220275 -40.6427
81.0015 3.57887 2.73795 2.6823759392374518 -38.5972
81.0265 3.56085 2.72061 2.6603066542411984 -45.8747
81.0515 3.54284 2.70328 2.6383021100700352 -37.1375
81.0765 3.52483 2.68594 2.6163486412364847 -40.2895
81.1015 3.50681 2.66861 2.5944432366502066 -40.0145
81.1265 3.4888 2.65128 2.5726039489979797 -36.446
81.1515 3.47078 2.63394 2.5508104069099296 -43.0456
81.1765 3.45277 2.61661 2.529088485007988 -38.0131
81.2015 3.43476 2.59927 2.507425131584191 -40.7832
81.2265 3.41674 2.58194 2.4858170470088905 -40.8612
81.2515 3.39873 2.5646 2.4642805791751883 -39.4058
81.2765 3.38071 2.54727 2.442802602954238 -40.8866
81.3015 3.3627 2.52993 2.4213998213636674 -42.1594
81.3265 3.34469 2.5126 2.400068739869756 -36.3833
81.3515 3.32667 2.49526 2.3787971238632353 -37.3448
81.3765 3.30866 2.47793 2.3576106719515844 -36.1815
81.4015 3.29064 2.46059 2.336487696886076 -33.4074
81.4265 3.27263 2.44326 2.315453852811582 -36.0693
81.4515 3.25462 2.42592 2.294497590061929 -33.0739
81.4765 3.2366 2.40859 2.2736150395570487 -33.2588
81.5015 3.21859 2.39125 2.252824482865898 -36.4213
81.5265 3.20057 2.37392 2.232112114410923 -35.2895
81.5515 3.18256 2.35658 2.2114966538523184 -37.2515
81.5765 3.16455 2.33925 2.1909740448029047 -38.2422
81.6015 3.14653 2.32191 2.170533825813364 -37.1552
81.6265 3.12852 2.30458 2.150201471211477 -37.5095
81.6515 3.1105 2.28724 2.1299570576891917 -38.657
81.6765 3.09249 2.26991 2.1098260137271985 -34.7393
81.7015 3.07448 2.25257 2.0897987643072238 -36.5473
81.7265 3.05646 2.23524 2.069870911240602 -35.8549
81.7515 3.03845 2.21791 2.0500641869463503 -34.8807
81.7765 3.02043 2.20057 2.030360980170768 -37.4007
81.8015 3.00242 2.18324 2.010786600810737 -35.589
81.8265 2.98441 2.1659 1.991332683933049 -38.0347
81.8515 2.96639 2.14857 1.9719945935524266 -38.3459
81.8765 2.94838 2.13123 1.9527943919675719 -36.191
81.9015 2.93395 2.11735 1.9375070645032495 -36.0872
81.9203 2.91235 2.09656 1.9147862429263482 -36.123
81.9515 2.89434 2.07923 1.8959961573009583 -33.9553
81.9765 2.87632 2.06189 1.8773404364952033 -35.2062
82.0015 2.85831 2.04456 1.8588441703650147 -36.8422
82.0265 2.8403 2.02722 1.8405012954084006 -36.4506
82.0515 2.82228 2.00989 1.8223068376373943 -40.7784
82.0765 2.80427 1.99256 1.804285339545827 -39.3235
82.1015 2.78625 1.97522 1.7864218737185233 -38.9398
82.1265 2.76824 1.95789 1.768741346183777 -35.5077
82.1515 2.75023 1.94055 1.7512393769556462 -35.0356
82.1765 2.73221 1.92322 1.7339107971576853 -32.7507
82.2015 2.7142 1.90588 1.716781935599277 -33.1093
82.2265 2.69618 1.88855 1.699837549561722 -34.5132
82.2515 2.67817 1.87121 1.6831046946045871 -35.9593
82.2765 2.66016 1.85388 1.6665780149755964 -37.1504
82.3015 2.64214 1.83654 1.6502554199880695 -37.7023
82.3265 2.62413 1.81921 1.6341613387300533 -36.767
82.3515 2.60611 1.80187 1.6182845327691915 -33.9667
82.3765 2.5881 1.78454 1.6026492509591732 -33.4773
82.4015 2.57008 1.7672 1.587245112262123 -32.6998
82.4265 2.55207 1.74987 1.5720961490316043 -31.902
82.4515 2.53406 1.73253 1.5572027114348346 -33.5331
82.4765 2.51604 1.7152 1.5425590172178179 -33.3194
82.5015 2.49803 1.69786 1.5281958187680007 -32.9395
82.5265 2.48001 1.68053 1.514097315564624 -33.3214
82.5515 2.462 1.66319 1.50029496303227 -33.7542
82.5765 2.44399 1.64586 1.4867825193013264 -34.5923
82.6015 2.42597 1.62852 1.473562971609968 -34.0756
82.6265 2.40796 1.61119 1.4606589532467873 -34.4427
82.6515 2.38994 1.59386 1.4480617746491344 -34.1862
82.6765 2.37193 1.57652 1.43580194849429 -32.888
82.7015 2.35392 1.55919 1.423872474100121 -32.1645
82.7265 2.3359 1.54185 1.412278383499514 -33.0285
82.7515 2.31789 1.52452 1.401040785452015 -34.4178
82.7765 2.29987 1.50718 1.390155951431349 -34.7889
82.8015 2.28186 1.48985 1.3796441867742568 -32.8703
82.8265 2.26385 1.47251 1.3695117825707088 -32.6735
82.8515 2.24583 1.45518 1.3597504261076738 -33.8564
82.8765 2.22782 1.43784 1.350394689711123 -34.9673
82.9015 2.2098 1.42051 1.3414263677518794 -33.8074
82.9265 2.19179 1.40317 1.3328801345207304 -32.8042
82.9515 2.17378 1.38584 1.3247460111281708 -31.7873
82.9765 2.15576 1.3685 1.3170320526091988 -34.9414
83.0015 2.13775 1.35117 1.309753958344849 -33.591
83.0265 2.11973 1.33383 1.3029112563025926 -31.6114
83.0515 2.10172 1.3165 1.29651810955343 -31.8202
83.0765 2.08371 1.29916 1.2905828410838258 -31.8734
83.1015 2.06569 1.28183 1.2850927301171693 -29.9249
83.1265 2.04768 1.26449 1.2800813812019924 -30.7242
83.1515 2.02966 1.24716 1.275526472167473 -32.4002
83.1765 2.01165 1.22982 1.2714609529592327 -33.1953
83.2015 1.99364 1.21249 1.2678692557594415 -32.3488
83.2265 1.97562 1.19515 1.2647600194898636 -32.1784
83.2515 1.95761 1.17782 1.2621397959417966 -31.0357
83.2765 1.93959 1.16049 1.2600025429339419 -31.1619
83.3015 1.92158 1.14315 1.2583726073385417 -34.3161
83.3265 1.90357 1.12582 1.257230852826958 -33.0238
83.3515 1.88555 1.10848 1.2565853384868058 -31.2412
83.3765 1.86754 1.09115 1.256437015572209 -33.563
83.4015 1.84952 1.07381 1.2567864363128687 -31.8116
83.4265 1.83151 1.05648 1.257632247717909 -34.1965
83.4515 1.8135 1.03914 1.2589814095529768 -33.3318
83.4765 1.79548 1.02181 1.2608108924418442 -30.8103
83.5015 1.77747 1.00447 1.2631466984479673 -32.0343
83.5265 1.75945 0.987137 1.2659604098347623 -31.7978
83.5515 1.74144 0.969802 1.2692679751746674 -32.2913
83.5765 1.72343 0.952468 1.2730570513233097 -30.5673
83.6015 1.70541 0.935133 1.2773194572185143 -30.841
83.6265 1.6874 0.917798 1.2820608132237723 -33.1057
83.6515 1.66938 0.900463 1.287265007202868 -31.0326
83.6765 1.65137 0.883128 1.29293694404793 -31.5172
83.7015 1.63336 0.865794 1.2990643325239901 -30.2009
83.7265 1.61534 0.848459 1.3056377714668796 -35.9181
83.7515 1.59733 0.831124 1.3126592216855064 -31.1176
83.7765 1.57931 0.813789 1.3201123484844008 -33.4608
83.8015 1.5613 0.796454 1.3279987440189844 -32.3136
83.8265 1.54329 0.77912 1.336305353764625 -38.2455
83.8515 1.52527 0.761785 1.345022289452855 -32.3824
83.8765 1.50726 0.74445 1.3541486292501277 -36.837
83.9015 1.48924 0.727115 1.3636685817400795 -36.2116
83.9265 1.47123 0.70978 1.3735812175841662 -34.2128
83.9515 1.45321 0.692446 1.3838702132122074 -32.4275
83.9765 1.43521 0.675116 1.3945341005353724 -35.9932
84.0015 1.45984 0.679395 1.3983741958520974 -33.3568
84.0265 1.48447 0.683674 1.402649392819175 -32.6535
84.0515 1.5091 0.687952 1.4073566585283206 -34.5816
84.0765 1.53374 0.692231 1.4124935911220977 -34.4834
84.1015 1.55837 0.69651 1.418049095412426 -30.6379
84.1265 1.583 0.700789 1.4240218476276971 -30.6977
84.1515 1.60763 0.705068 1.4304066210431214 -32.088
84.1765 1.63226 0.709347 1.4371979244380366 -32.7297
84.2015 1.65689 0.713625 1.444390914096665 -31.5437
84.2265 1.68152 0.717904 1.4519778454287793 -31.0669
84.2515 1.70615 0.722183 1.459953460898326 -32.8289
84.2765 1.73078 0.726462 1.4683114267225463 -34.6317
84.3015 1.75542 0.730741 1.4770503666026422 -35.2629
84.3265 1.78005 0.73502 1.4861535596633344 -34.1293
84.3515 1.80468 0.739298 1.4956200838461617 -33.4356
84.3765 1.82931 0.743577 1.5054414073716054 -33.6423
84.4015 1.85394 0.747856 1.5156114674731118 -34.6519
84.4265 1.87857 0.752135 1.5261232922424715 -35.3416
84.4515 1.9032 0.756414 1.536969869384563 -32.7438
84.4765 1.92783 0.760693 1.5481441629089328 -31.981
84.5015 1.95246 0.764971 1.5596399207640845 -31.1578
84.5265 1.9771 0.76925 1.5714547312919962 -34.1615
84.5515 2.00173 0.773529 1.5835700511000452 -35.331
84.5765 2.02636 0.777808 1.5959850044608814 -37.1336
84.6015 2.05099 0.782087 1.6086926541975008 -34.6268
84.6265 2.07562 0.786365 1.6216868679325855 -35.014
84.6515 2.10025 0.790644 1.6349593258659372 -35.5719
84.6765 2.12488 0.794923 1.6485040461973397 -34.6977
84.7015 2.14951 0.799202 1.66231437366823 -35.396
84.7265 2.17414 0.803481 1.676383743944387 -35.7082
84.7515 2.19878 0.80776 1.690712780456811 -35.7905
84.7765 2.22341 0.812038 1.705281719113883 -34.4172
84.8015 2.24804 0.816317 1.7200899063970465 -32.6646
84.8265 2.27267 0.820596 1.735131903953126 -33.2769
84.8515 2.2973 0.824875 1.7504016840785432 -32.5208
84.8765 2.32193 0.829154 1.7658933378366883 -33.5094
84.9015 2.34656 0.833433 1.781601077426987 -34.5996
84.9265 2.37119 0.837711 1.7975198846246456 -37.0783
84.9515 2.39582 0.84199 1.813642917583282 -38.1008
84.9765 2.42046 0.846269 1.829973177934857 -36.4251
85.0015 2.44509 0.850548 1.8464899155976997 -36.1041
85.0265 2.46972 0.854827 1.8631956629213693 -33.9528
85.0515 2.49435 0.859106 1.8800853815015952 -32.7786
85.0765 2.51898 0.863384 1.8971547569600116 -32.5594
85.1015 2.54361 0.867663 1.9143977939991994 -32.4693
85.1265 2.56824 0.871942 1.9318104329783499 -33.2062
85.1515 2.59287 0.876221 1.9493881290653743 -34.8345
85.1765 2.6175 0.8805 1.9671264575517255 -36.8273
85.2015 2.64214 0.884779 1.9850293847802354 -40.1911
85.2265 2.66677 0.889057 2.003076778895158 -39.454
85.2515 2.6914 0.893336 2.0212716712248255 -40.9814
85.2765 2.71603 0.897615 2.0396106611618308 -42.5249
85.3015 2.74066 0.901894 2.0580898966847876 -38.4112
85.3265 2.76529 0.906173 2.0767056339378 -39.3331
85.3515 2.78992 0.910452 2.0954542349342775 -38.2157
85.3765 2.81455 0.91473 2.1143326785063885 -36.1036
85.4015 2.83918 0.919009 2.1333364981833034 -37.6051
85.4265 2.86382 0.923288 2.1524715383354085 -38.4504
85.4515 2.88845 0.927567 2.1717172794793065 -36.911
85.4765 2.91308 0.931846 2.1910791985037874 -37.679
85.5015 2.93771 0.936125 2.2105542426561264 -37.5571
85.5265 2.96234 0.940403 2.230139923414897 -34.4375
85.5515 2.98697 0.944682 2.2498324075415037 -34.9482
85.5765 3.0116 0.948961 2.2696293837366928 -34.7891
85.6015 3.03623 0.95324 2.2895281414518585 -33.8149
85.6265 3.06086 0.957519 2.3095260498554677 -35.8032
85.6515 3.0855 0.961798 2.329629507626481 -35.0617
85.6765 3.11013 0.966076 2.3498186003766333 -36.9039
85.7015 3.13476 0.970355 2.370098960724003 -38.1939
85.7265 3.15939 0.974634 2.390468700078711 -38.9231
85.7515 3.18402 0.978913 2.410925552971099 -41.2755
85.7765 3.20865 0.983192 2.431467320644882 -40.1494
85.8015 3.23328 0.987471 2.4520918690458973 -41.9202
85.8265 3.25791 0.991749 2.472797534595382 -43.2788
85.8515 3.28255 0.996028 2.4935906398773637 -40.5836
85.8765 3.30718 1.00031 2.5144501682276386 -39.7677
85.9015 3.33181 1.00459 2.5353853640423183 -40.7009
85.9265 3.35644 1.00886 2.556397459942409 -39.4688
85.9515 3.38107 1.01314 2.577476867888439 -39.1213
85.9765 3.4057 1.01742 2.598625780369309 -38.75
86.0015 3.43033 1.0217 2.6198425141408785 -38.1636
86.0265 3.45496 1.02598 2.6411254347342155 -39.9812
86.0515 3.47959 1.03026 2.662472954923674 -40.8194
86.0765 3.50423 1.03454 2.683892863826722 -37.2475
86.1015 3.52886 1.03882 2.7053650201035717 -38.6092
86.1265 3.55349 1.0431 2.726897282645608 -38.9491
86.1515 3.57812 1.04737 2.748491704790102 -34.987
86.1765 3.60275 1.05165 2.7701399396059396 -36.6994
86.2015 3.62738 1.05593 2.791844162789177 -36.6206
86.2265 3.65201 1.06021 2.813603078651998 -34.7226
86.2515 3.67664 1.06449 2.835415428063408 -36.1132
86.2765 3.70127 1.06877 2.85727998729561 -35.8755
86.3015 3.72591 1.07305 2.879205034484345 -35.7033
86.3265 3.75054 1.07733 2.9011704914568535 -38.6445
86.3515 3.77517 1.0816 2.9231878299041956 -38.24
86.3765 3.7998 1.08588 2.945249635328048 -37.6868
86.4015 3.82443 1.09016 2.967358025331625 -42.3679
86.4265 3.84906 1.09444 2.9895119663918392 -42.5433
86.4515 3.87369 1.09872 3.0117104532972623 -43.2209
86.4765 3.89832 1.103 3.0339525082637664 -46.1753
86.5015 3.92295 1.10728 3.056237180079452 -46.4132
86.5265 3.94759 1.11156 3.0785731178096127 -45.0596
86.5515 3.97222 1.11584 3.1009402822369867 -44.7908
86.5765 3.99685 1.12011 3.1233501780299946 -43.0948
86.6015 4.02148 1.12439 3.1457962843292955 -43.0751
86.6265 4.04611 1.12867 3.168280622198734 -43.9879
86.6515 4.07074 1.13295 3.190802383429597 -41.6187
86.6765 4.09537 1.13723 3.2133607811448743 -40.1664
86.7015 4.12 1.14151 3.2359550491470057 -41.7896
86.7265 4.14463 1.14579 3.258584441287352 -42.6723
86.7515 4.16927 1.15007 3.281257889560039 -42.5548
86.7765 4.1939 1.15435 3.3039553768929752 -42.4512
86.8015 4.21853 1.15862 3.326688393177215 -43.8162
86.8265 4.24316 1.1629 3.349451178267866 -42.6932
86.8515 4.26779 1.16718 3.3722456370347635 -43.3381
86.8765 4.29242 1.17146 3.395071131508146 -43.7774
86.9015 4.31705 1.17574 3.417927039902988 -43.0507
86.9265 4.34168 1.18002 3.4408127561377126 -43.5899
86.9515 4.36631 1.1843 3.463727689368782 -42.9109
86.9765 4.39095 1.18858 3.4866809889779136 -41.4736
87.0015 4.41558 1.19285 3.5096549486950996 -41.1195
87.0265 4.43037 1.19542 3.523462404127508 -41.9553
87.0403 4.44021 1.19713 3.5326541128449023 -42.1143
87.0515 4.46483 1.20141 3.5556705298719677 -42.297
87.0765 4.48946 1.20569 3.578723161645785 -40.9907
87.1015 4.51409 1.20997 3.6018017614799405 -40.2964
87.1265 4.53873 1.21425 3.6249155956242625 -40.1412
87.1515 4.56336 1.21853 3.648044661253478 -40.5602
87.1765 4.58799 1.22281 3.6711982425633183 -40.6677
87.2015 4.61262 1.22708 3.6943779707550224 -40.548
87.2265 4.63725 1.23136 3.7175791870651524 -40.8804
87.2515 4.66188 1.23564 3.7408035692882886 -41.4499
87.2765 4.68651 1.23992 3.764050688619908 -41.1337
87.3015 4.71114 1.2442 3.7873201263690404 -40.5692
87.3265 4.73577 1.24848 3.810611473674533 -40.7341
87.3515 4.76041 1.25276 3.8339341394577975 -39.284
87.3765 4.78504 1.25704 3.857268121767011 -39.6445
87.4015 4.80967 1.26131 3.8806247467385964 -38.6606
87.4265 4.8343 1.26559 3.9039998127689506 -38.1742
87.4515 4.85893 1.26987 3.927394882336127 -37.782
87.4765 4.88356 1.27415 3.950809600081988 -37.7078
87.5015 4.90819 1.27843 3.9742436187279715 -37.6411
87.5265 4.93282 1.28271 3.9976965988553963 -37.5783
87.5515 4.95745 1.28699 4.021168208692593 -37.2153
87.5765 4.98209 1.29127 4.044667969191044 -37.0162
87.6015 5.00672 1.29555 4.068175876348022 -36.9999
87.6265 5.03135 1.29982 4.091703172873125 -37.1929
87.6515 5.05598 1.3041 4.115246112980365 -37.5123
87.6765 5.08061 1.30838 4.1388061317848654 -37.6394
87.7015 5.10524 1.31266 4.162382939278894 -37.7242
87.7265 5.12987 1.31694 4.185976251784044 -37.4289
87.7515 5.1545 1.32122 4.20958579178522 -37.386
87.7765 5.17913 1.3255 4.233211287769605 -37.7725
87.8015 5.20377 1.32978 4.256862349348402 -38.4487
87.8265 5.2284 1.33405 4.280520524714254 -39.2182
87.8515 5.25303 1.33833 4.304192301675193 -39.8456
87.8765 5.27766 1.34261 4.327879005667787 -39.8345
87.9015 5.30229 1.34689 4.35158039293772 -39.5806
87.9265 5.32692 1.35117 4.375296224862953 -40.9471
87.9515 5.35155 1.35545 4.399026267823369 -41.6697
87.9765 5.37618 1.35973 4.422770293074239 -42.7202
88.0015 5.40081 1.36401 4.446528076623379 -43.217
88.0265 5.42545 1.36829 4.470309298762223 -42.6169
88.0515 5.45008 1.37256 4.494095343892917 -41.7177
88.0765 5.47471 1.37684 4.517893089671335 -41.3281
88.1015 5.49934 1.38112 4.541703743090252 -41.727
88.1265 5.52397 1.3854 4.565527102197511 -42.8014
88.1515 5.5486 1.38968 4.589362969127634 -43.8592
88.1765 5.57323 1.39396 4.613211150001699 -43.7772
88.2015 5.59786 1.39824 4.637071454830084 -42.6387
88.2265 5.6225 1.40252 4.660953614916157 -41.7602
88.2515 5.64713 1.40679 4.684838881007542 -41.8552
88.2765 5.67176 1.41107 4.708734441705117 -42.877
88.3015 5.69639 1.41535 4.732641403550453 -44.2861
88.3265 5.72102 1.41963 4.7565595946335 -44.9769
88.3515 5.74565 1.42391 4.780488846404728 -44.1668
88.3765 5.77028 1.42819 4.804428993595389 -42.8378
88.4015 5.79491 1.43247 4.828379874139979 -42.0451
88.4265 5.81954 1.43675 4.852341329100829 -42.4273
88.4515 5.84418 1.44103 4.87632313667788 -43.7051
88.4765 5.86881 1.4453 4.9003064094095174 -44.9457
88.5015 5.89344 1.44958 4.924298651584812 -45.1281
88.5265 5.91807 1.45386 4.948300862366798 -43.9055
88.5515 5.9427 1.45814 4.972312897394934 -42.634
88.5765 5.96733 1.46242 4.996334615025298 -42.2168
88.6015 5.99196 1.4667 5.020365876268382 -42.8767
88.6265 6.01659 1.47098 5.044406544728528 -44.3711
88.6515 6.04122 1.47526 5.068456486544991 -45.5944
88.6765 6.06586 1.47954 5.092525517972394 -45.2388
88.7015 6.09049 1.48381 5.116594624962974 -43.9297
88.7265 6.11512 1.48809 5.140671596445352 -42.8919
88.7515 6.13975 1.49237 5.164757330155988 -42.7777
88.7765 6.16438 1.49665 5.188851704076732 -43.7213
88.8015 6.18901 1.50093 5.2129545984019465 -45.4205
88.8265 6.21364 1.50521 5.237065895489573 -46.2117
88.8515 6.23827 1.50949 5.261185479813461 -45.3505
88.8765 6.2629 1.51377 5.285313237916935 -44.1229
88.9015 6.28754 1.51804 5.309459924813445 -43.5555
88.9265 6.31217 1.52232 5.333603687123745 -43.9335
88.9515 6.3368 1.5266 5.357755294897295 -45.1995
88.9765 6.36143 1.53088 5.3819146425133875 -46.7322
89.0015 6.38606 1.53516 5.406081626205804 -47.1498
89.0265 6.41069 1.53944 5.430256144023042 -46.0014
89.0515 6.43532 1.54372 5.454438095789519 -44.8047
89.0765 6.45995 1.548 5.47862738306777 -44.4014
89.1015 6.48459 1.55228 5.502833875967909 -44.875
89.1265 6.50922 1.55655 5.527038348962308 -46.2465
89.1515 6.53385 1.56083 5.551249058671391 -47.625
89.1765 6.55848 1.56511 5.575466726875876 -47.7043
89.2015 6.58311 1.56939 5.599691263293003 -46.3849
89.2265 6.60774 1.57367 5.623922579170165 -45.1502
89.2515 6.63237 1.57795 5.648160587253163 -44.7229
89.2765 6.657 1.58223 5.672405201755248 -45.1688
89.3015 6.68163 1.58651 5.696656338326896 -46.3649
89.3265 6.70627 1.59078 5.720924603706991 -47.3407
89.3515 6.7309 1.59506 5.745188527246082 -47.0501
89.3765 6.75553 1.59934 5.7694587282083925 -45.6524
89.4015 6.78016 1.60362 5.793735127704752 -44.5736
89.4265 6.80479 1.6079 5.818017648142707 -44.3579
89.4515 6.82942 1.61218 5.8423062132004 -45.0381
89.4765 6.85405 1.61646 5.866600747801064 -46.2699
89.5015 6.87868 1.62074 5.890901178088121 -47.3239
89.5265 6.90331 1.62502 5.915207431400864 -47.0164
89.5515 6.92795 1.62929 5.939530040887073 -45.5968
89.5765 6.95258 1.63357 5.963847717816075 -44.2934
89.6015 6.97721 1.63785 5.988171006793309 -43.779
89.6265 7.00184 1.64213 6.012499839708938 -44.2397
89.6515 7.02647 1.64641 6.036834149535665 -45.4393
89.6765 7.0511 1.65069 6.061173870307631 -46.6491
89.7015 7.07573 1.65497 6.085518937099777 -46.6353
89.7265 7.10036 1.65925 6.10986928600768 -45.5925
89.7515 7.125 1.66353 6.134234839073248 -44.5667
89.7765 7.14963 1.6678 6.158596104381258 -44.0509
89.8015 7.17426 1.67208 6.182961917560225 -44.7431
89.8265 7.19889 1.67636 6.207332767115035 -46.154
89.8515 7.22352 1.68064 6.2317085939571975 -47.4346
89.8765 7.24815 1.68492 6.2560893399071595 -47.0864
89.9015 7.27278 1.6892 6.280474947677126 -45.6547
89.9265 7.29741 1.69348 6.304865360854267 -44.6186
89.9515 7.32204 1.69776 6.329260523884288 -44.5837
89.9765 7.34667 1.70203 6.353660851021243 -45.5631
90.0015 7.3347 1.68008 6.342773281175987 -47.9189
90.0265 7.32273 1.65814 6.331965169874199 -45.6675
90.0515 7.31075 1.63619 6.321227988183941 -48.9647
90.0765 7.29878 1.61424 6.310581610755065 -45.4323
90.1015 7.28681 1.5923 6.300015814749992 -45.5479
90.1265 7.27484 1.57035 6.289532267832006 -46.396
90.1515 7.26286 1.5484 6.2791207935187865 -43.9106
90.1765 7.25089 1.52646 6.268800995700853 -47.138
90.2015 7.23892 1.50451 6.25856478008337 -44.0172
90.2265 7.22695 1.48256 6.248411834706481 -45.6158
90.2515 7.21498 1.46061 6.238342566138862 -45.6442
90.2765 7.203 1.43867 6.228346519655116 -43.907
90.3015 7.19103 1.41672 6.218445788080812 -46.6738
90.3265 7.17906 1.39477 6.2086299484266245 -43.3767
90.3515 7.16709 1.37283 6.198898392214539 -45.1169
90.3765 7.15511 1.35088 6.189243563352472 -44.3073
90.4015 7.14314 1.32893 6.179684781969061 -43.379
90.4265 7.13117 1.30699 6.170211376363049 -45.9779
90.4515 7.1192 1.28504 6.160825954496686 -43.097
90.4765 7.10722 1.26309 6.151517900201543 -45.2027
90.5015 7.09525 1.24115 6.142306235039084 -44.0612
90.5265 7.08328 1.2192 6.133183854932119 -43.1396
90.5515 7.07131 1.19725 6.124149955593838 -45.2169
90.5765 7.05934 1.1753 6.115204929158138 -42.4342
90.6015 7.04736 1.15336 6.106337876272488 -44.754
90.6265 7.03539 1.13141 6.097571733091788 -43.5407
90.6515 7.02342 1.10946 6.088895629586698 -43.2457
90.6765 7.01145 1.08752 6.080308450473544 -45.4121
90.7015 6.99947 1.06557 6.071803661664299 -42.5269
90.7265 6.9875 1.04362 6.063399950061021 -44.5844
90.7515 6.97553 1.02168 6.055086192887761 -43.4642
90.7765 6.96356 0.999729 6.046866126105406 -42.9239
90.8015 6.95159 0.977782 6.0387377131006446 -45.2984
90.8265 6.93961 0.955835 6.030692124402058 -42.7909
90.8515 6.92764 0.933888 6.022749435776322 -45.1597
90.8765 6.91567 0.911941 6.014900160134082 -44.391
90.9015 6.9037 0.889995 6.007144478870555 -43.273
90.9265 6.89172 0.868048 5.999473300941008 -46.2069
90.9515 6.87975 0.846101 5.991906454935775 -43.4325
90.9765 6.86778 0.824154 5.9844344715366375 -45.6237
91.0015 6.85581 0.802207 5.977057706509868 -45.9929
91.0265 6.84384 0.78026 5.969776512835301 -44.3974
91.0515 6.83186 0.758313 5.96258145986862 -47.5478
91.0765 6.81989 0.736366 5.95549246478039 -44.6179
91.1015 6.80792 0.714419 5.948500082706649 -45.6809
91.1265 6.79595 0.692472 5.94160465474471 -47.8934
91.1515 6.78397 0.670525 5.934796772975887 -44.9914
91.1765 6.772 0.648578 5.9280962730107545 -47.8452
91.2015 6.76003 0.626632 5.921493499474943 -47.8757
91.2265 6.74806 0.604685 5.914989240296638 -47.588
91.2515 6.73609 0.582738 5.908583592092439 -52.5062
91.2765 6.72411 0.560791 5.902267177769996 -46.8298
91.3015 6.71214 0.538844 5.896059721198217 -47.1562
91.3265 6.70017 0.516897 5.889951828114471 -47.2374
91.3515 6.6882 0.49495 5.883943808577713 -45.2655
91.3765 6.67622 0.473003 5.878026312156913 -47.8505
91.4015 6.66425 0.451056 5.872218965402772 -45.4176
91.4265 6.65228 0.429109 5.866512399397193 -43.4702
91.4515 6.64031 0.407162 5.860906908520557 -46.7409
91.4765 6.62833 0.385215 5.855393170840451 -45.8937
91.5015 6.61636 0.363268 5.849990708490399 -46.3468
91.5265 6.60439 0.341322 5.844689895946919 -46.6706
91.5515 6.59242 0.319375 5.839491574360305 -43.3337
91.5765 6.58045 0.297428 5.834395737150849 -45.7805
91.6015 6.56847 0.275481 5.829393100680464 -48.0798
91.6265 6.5565 0.253534 5.824503046540194 -65.4669
91.6515 6.54453 0.231587 5.819716269670627 -58.6367
91.6765 6.53256 0.20964 5.8150330251168825 -56.4068
91.7015 6.52058 0.187693 5.810444062087596 -55.8346
91.7265 6.50861 0.165746 5.805968641718279 -56.1734
91.7515 6.49664 0.143799 5.8015974905194 -70.06
91.7765 6.48467 0.121852 5.79733084434587 -59.7494
91.8015 6.4727 0.0999054 5.793168802904776 -62.4732
91.8265 6.46072 0.0779584 5.789102420110614 -54.7074
91.8515 6.44875 0.0560115 5.785150633357118 -61.3374
91.8765 6.43678 0.0340645 5.781304278323383 -56.9085
91.9015 6.42481 0.0121176 5.777563497905476 -66.2494
91.9265 6.41283 0.0273868 5.761070338549446 -59.3294
91.9515 6.40086 0.0493338 5.742332919939633 -54.2046
91.9765 6.38889 0.0712807 5.723643382522402 -58.4462
92.0015 6.37692 0.0932276 5.705002162295976 -54.3527
92.0265 6.36495 0.115175 5.686409568710735 -64.2791
92.0515 6.35297 0.137122 5.667856937483867 -65.3925
92.0765 6.341 0.159068 5.649363825124383 -61.3543
92.1015 6.32903 0.181015 5.630920632643032 -52.5964
92.1265 6.31706 0.202962 5.612528184075693 -54.2836
92.1515 6.31226 0.211756 5.605169302629137 -52.3382
92.1603 6.30509 0.224906 5.594187931857134 -55.7162
92.1765 6.29311 0.246853 5.5758889762717665 -56.9487
92.2015 6.28114 0.2688 5.557651764873362 -59.8861
92.2265 6.26917 0.290747 5.53946733061122 -57.329
92.2515 6.2572 0.312694 5.521336194947379 -56.4555
92.2765 6.24522 0.334641 5.503249353543867 -50.6354
92.3015 6.23325 0.356588 5.485226391339194 -56.7381
92.3265 6.22128 0.378534 5.467258620877194 -45.5133
92.3515 6.20931 0.400481 5.449345988966107 -45.9293
92.3765 6.19734 0.422428 5.4314893437052785 -47.4286
92.4015 6.18536 0.444375 5.413679660842984 -43.6722
92.4265 6.17339 0.466322 5.395936647124761 -47.8333
92.4515 6.16142 0.488269 5.378251298773701 -42.4279
92.4765 6.14945 0.510216 5.360624186524924 -47.5393
92.5015 6.13747 0.532163 5.343046271507388 -44.2738
92.5265 6.1255 0.55411 5.325537357121814 -45.1197
92.5515 6.11353 0.576057 5.308088425049926 -46.6613
92.5765 6.10156 0.598004 5.290700068763679 -42.9725
92.6015 6.08959 0.619951 5.2733728874887085 -47.2486
92.6265 6.07761 0.641897 5.256098084197916 -45.2983
92.6515 6.06564 0.663844 5.238895061550289 -48.6178
92.6765 6.05367 0.685791 5.221755046397811 -46.862
92.7015 6.0417 0.707738 5.204678661228184 -46.952
92.7265 6.02972 0.729685 5.187656838845935 -44.9281
92.7515 6.01775 0.751632 5.170709595976552 -46.3658
92.7765 6.00578 0.773579 5.153827885915574 -43.9216
92.8015 5.99381 0.795526 5.137012354742394 -46.3755
92.8265 5.98183 0.817473 5.120253924819452 -44.2215
92.8515 5.96986 0.83942 5.103572705076317 -44.1097
92.8765 5.95789 0.861367 5.086959638211119 -46.0431
92.9015 5.94592 0.883314 5.0704153941265995 -42.3452
92.9265 5.93395 0.90526 5.0539408653149085 -47.2439
92.9515 5.92197 0.927207 5.037526526158349 -41.9121
92.9765 5.91 0.949154 5.021192818018045 -46.0426
93.0015 5.89803 0.971101 5.004930672157308 -42.7044
93.0265 5.88606 0.993048 4.988740788405828 -43.4632
93.0515 5.87408 1.01499 4.972615061162487 -43.3872
93.0765 5.86211 1.03694 4.956571215638892 -42.8023
93.1015 5.85014 1.05889 4.940601790440107 -44.3148
93.1265 5.83817 1.08084 4.924707509538003 -42.1542
93.1515 5.8262 1.10278 4.908890930587071 -44.2916
93.1765 5.81422 1.12473 4.893139256275055 -41.8146
93.2015 5.80225 1.14668 4.87747476517306 -43.7278
93.2265 5.79028 1.16862 4.861890083372926 -42.5546
93.2515 5.77831 1.19057 4.846382504611043 -43.0607
93.2765 5.76633 1.21252 4.830944671521295 -43.4087
93.3015 5.75436 1.23446 4.815598664880619 -42.0181
93.3265 5.74239 1.25641 4.800332176026989 -44.0648
93.3515 5.73042 1.27836 4.785147611725264 -41.4826
93.3765 5.71845 1.3003 4.770047221202322 -43.3671
93.4015 5.70647 1.32225 4.7550189193524774 -41.7899
93.4265 5.6945 1.3442 4.740084797764698 -43.967
93.4515 5.68253 1.36615 4.725235763789993 -42.4969
93.4765 5.67056 1.38809 4.710473921135749 -42.6594
93.5015 5.65858 1.41004 4.695787518404128 -43.626
93.5265 5.64661 1.43199 4.681198548683873 -42.1931
93.5515 5.63464 1.45393 4.666699087631428 -41.4973
93.5765 5.62267 1.47588 4.652287577450474 -38.4872
93.6015 5.6107 1.49783 4.637966062715422 -40.4679
93.6265 5.59872 1.51977 4.623726472370527 -43.3616
93.6515 5.58675 1.54172 4.609587413305014 -43.4198
93.6765 5.57478 1.56367 4.595540873205242 -43.6372
93.7015 5.56281 1.58561 4.5815886074810335 -42.6483
93.7265 5.55083 1.60756 4.567719654543173 -44.7197
93.7515 5.53886 1.62951 4.553955746348442 -42.4307
93.7765 5.52689 1.65146 4.540287788642917 -44.8504
93.8015 5.51492 1.6734 4.526717372047873 -42.8579
93.8265 5.50295 1.69535 4.513243880514325 -44.0129
93.8515 5.49097 1.7173 4.499858979001453 -43.8533
93.8765 5.479 1.73924 4.486584087877993 -43.0634
93.9015 5.46703 1.76119 4.473408905633376 -45.0111
93.9265 5.45506 1.78314 4.460334949664655 -42.7699
93.9515 5.44308 1.80508 4.447353560579595 -45.1464
93.9765 5.43111 1.82703 4.43448468855176 -43.2518
94.0015 5.41914 1.84898 4.421719731054875 -43.9867
94.0265 5.40717 1.87092 4.40905988338784 -45.4363
94.0515 5.39519 1.89287 4.396495419422156 -42.9645
94.0765 5.38322 1.91482 4.384047581949813 -44.0749
94.1015 5.37125 1.93677 4.371707286106882 -43.0101
94.1265 5.35928 1.95871 4.3594755398442135 -46.3872
94.1515 5.34731 1.98066 4.347353018987532 -43.6358
94.1765 5.33533 2.00261 4.3353307856494645 -59.5578
94.2015 5.32336 2.02455 4.323429702458455 -58.7675
94.2265 5.31139 2.0465 4.311640752903703 -59.2949
94.2515 5.29942 2.06845 4.299964853216826 -62.1503
94.2765 5.28744 2.09039 4.288392718222061 -59.4579
94.3015 5.27547 2.11234 4.276945638712281 -61.0214
94.3265 5.2635 2.13429 4.265614381786051 -60.3065
94.3515 5.25153 2.15623 4.254399505664695 -59.1298
94.3765 5.23956 2.17818 4.243302617773095 -58.4726
94.4015 5.22758 2.20013 4.232314340086284 -58.8206
94.4265 5.21561 2.22208 4.221455578174429 -55.7972
94.4515 5.20364 2.24402 4.210716686028638 -54.1357
94.4765 5.19167 2.26597 4.200099692840635 -53.0794
94.5015 5.17969 2.28792 4.189595018912926 -51.6056
94.5265 5.16772 2.30986 4.17922280071307 -50.4571
94.5515 5.15575 2.33181 4.168975406331873 -49.8468
94.5765 5.14378 2.35376 4.158853066171009 -50.1865
94.6015 5.13181 2.3757 4.148855789985957 -50.0973
94.6265 5.11983 2.39765 4.138976292683978 -50.7281
94.6515 5.10786 2.4196 4.129234546450467 -53.0404
94.6765 5.09589 2.44154 4.119620427138888 -55.6774
94.7015 5.08392 2.46349 4.110136925517202 -56.6105
94.7265 5.07194 2.48544 4.100773994894134 -57.0348
94.7515 5.05997 2.50739 4.091552396462741 -55.9093
94.7765 5.048 2.52933 4.08246178780647 -53.1103
94.8015 5.03603 2.55128 4.07350559092534 -51.3929
94.8265 5.02406 2.57323 4.064683446038573 -50.5819
94.8515 5.01208 2.59517 4.055984868721775 -49.8395
94.8765 5.00011 2.61712 4.047433397413724 -52.2602
94.9015 4.98814 2.63907 4.039018584322187 -52.761
94.9265 4.97617 2.66101 4.030739645400084 -53.1957
94.9515 4.96419 2.68296 4.0225907967005545 -52.8534
94.9765 4.95222 2.70491 4.014591017339126 -53.0154
95.0015 4.94025 2.72685 4.006729462416947 -53.5784
95.0265 4.92828 2.7488 3.999010527418001 -53.2807
95.0515 4.9163 2.77075 3.991423461936856 -52.7291
95.0765 4.90433 2.7927 3.9839887096853075 -53.4145
95.1015 4.89236 2.81464 3.976695198176496 -53.5156
95.1265 4.88039 2.83659 3.969547755122742 -52.9967
95.1515 4.86842 2.85854 3.9625451704680925 -76.4813
95.1765 4.84447 2.90243 3.9489656222611007 -66.0563
95.2265 4.8325 2.92438 3.9424021401171134 -76.839
95.2515 4.82053 2.94632 3.935984123862798 -67.4287
95.2765 4.80855 2.96827 3.9297073549311534 -72.7313
95.3015 4.79659 2.99021 3.9235967519866257 -72.4581
95.3265 4.78461 3.01216 3.917619266557178 -70.5409
95.3515 4.77264 3.03411 3.911802150122115 -83.4778
95.4 4.76067 3.05605 3.906133696047794 -70.6683
95.4015 4.7487 3.078 3.900619910988509 -74.9681
95.4265 4.73672 3.09995 3.8952492039534516 -76.3418
95.4515 4.72475 3.12189 3.8900385261074217 -72.8948
95.4765 4.71278 3.14384 3.8849845912178345 -70.7451
95.5015 4.70081 3.16579 3.880085176925888 -77.9014
95.5265 4.68883 3.18774 3.8753313505428153 -70.8833
95.5515 4.67686 3.20969 3.8707427395397898 -78.3784
95.5765 4.66489 3.23163 3.866307174682322 -71.7614
95.6015 4.65292 3.25357 3.862028258739182 -84.1776
95.65 4.64094 3.27553 3.8579036878206274 -82.9267
95.675 4.62897 3.29747 3.853939758454976 -86.6307
95.7 4.617 3.31942 3.850137417859264 -68.4342
95.7015 4.60503 3.34137 3.846493829164425 -68.2041
95.7265 4.59306 3.36331 3.8430058963915217 -68.4697
95.7515 4.58108 3.38526 3.839671761231681 -62.7633
95.7765 4.56911 3.40721 3.8365070280399594 -67.5336
95.8015 4.55714 3.42915 3.8334990155339814 -68.2527
95.8265 4.54517 3.45109 3.8306517091743015 -68.3346
95.8515 4.5332 3.47304 3.827969315655495 -68.5807
95.8765 4.52122 3.49499 3.825439241250604 -68.8295
95.9015 4.50925 3.51694 3.8230802406044266 -68.4226
95.9265 4.49728 3.53889 3.820883383525333 -68.6427
95.9515 4.48531 3.56083 3.8188448626515323 -68.7483
95.9765 4.47333 3.58278 3.8169639528426256 -68.9514
96.0015 4.45163 3.59519 3.8024177562440453 -65.9837
96.0265 4.42993 3.60761 3.7879849150966796 -66.9029
96.0515 4.40823 3.62002 3.773658242779809 -72.4133
96.0765 4.38653 3.63243 3.7594431962459542 -68.576
96.1015 4.36483 3.64484 3.7453410464869554 -66.0658
96.1265 4.34313 3.65726 3.7313575149669056 -68.3621
96.1515 4.32143 3.66967 3.7174850576431373 -72.4286
96.1765 4.29973 3.68208 3.7037293636684634 -66.8327
96.2015 4.27803 3.6945 3.6900963308428687 -65.7435
96.2265 4.25633 3.70691 3.676578139656493 -70.5976
96.2515 4.23462 3.71932 3.663171823270101 -69.9891
96.2765 4.21293 3.73173 3.6499052012072863 -77.0023
96.3015 4.22614 3.74415 3.6674294161033285 -92.3175
96.35 4.24783 3.75656 3.692411507741249 -89.9606
96.375 4.26954 3.76898 3.7174160450506477 -87.7353
96.4 4.29123 3.78139 3.7423983279442607 -95.5961
96.425 4.31294 3.7938 3.7673982910756862 -87.1022
96.45 4.33463 3.80621 3.7923807563323595 -90.93
96.475 4.35634 3.81863 3.817385659387849 -89.2974
96.5 4.37804 3.83104 3.8423770927903473 -89.4985
96.525 4.39974 3.84345 3.8673686105800673 -86.283
96.55 4.42144 3.85587 3.8923649790968984 -84.6472
96.575 4.44314 3.86828 3.9173566620873315 -83.9636
96.6 4.46484 3.88069 3.942348424695615 -86.9055
96.625 4.48654 3.89311 3.9673450371375565 -86.164
96.65 4.50824 3.90552 3.9923369557190433 -87.5047
96.675 4.52994 3.91793 4.017328949501148 -86.2015
96.7 4.55164 3.93035 4.042325792424456 -91.6965
96.725 4.57335 3.94276 4.067326719123999 -82.2645
96.75 4.59504 3.95517 4.092310145932246 -85.8145
96.775 4.61675 3.96759 4.117315991103913 -84.9233
96.8 4.63844 3.98 4.142299558650968 -91.0754
96.825 4.66015 3.99241 4.167300760756295 -84.9332
96.85 4.68184 4.00482 4.192284462915178 -88.9823
96.875 4.70355 4.01724 4.21729057809632 -85.1918
96.9 4.72524 4.02965 4.242274411220944 -85.1167
96.925 4.74695 4.04207 4.267280654866751 -68.6626
96.9265 4.76865 4.05448 4.29227339447291 -70.4983
96.9515 4.79034 4.06689 4.317257415037931 -68.9421
96.9765 4.81205 4.0793 4.342259054052395 -70.1402
97.0015 4.83375 4.09172 4.367256761503724 -70.2388
97.0265 4.85545 4.10413 4.392249737822293 -88.4176
97.075 4.87715 4.11654 4.417242770564009 -84.3778
97.1 4.89885 4.12896 4.44224065130425 -82.3705
97.125 4.92055 4.14137 4.4672337950234935 -83.2531
97.15 4.94225 4.15378 4.492226992361361 -78.4481
97.1515 4.94225 4.15378 4.492226992361361 -78.4481
97.1765 5.02905 4.20344 4.592209896781723 -81.9526
97.2515 5.05076 4.21585 4.617212124226047 -80.9331
97.2765 5.06746 4.22541 4.636451285164118 -83.9558
97.302864057 5.09415 4.24067 4.667190404451055 -68.8945
97.3265 5.11586 4.25309 4.69219757551832 -69.4667
97.3515 5.13756 4.2655 4.717191219740831 -68.9468
97.3765 5.15926 4.27791 4.7421849094800175 -68.6774
97.4015 5.18096 4.29033 4.767183448379137 -70.2727
97.4265 5.20266 4.30274 4.792177227857918 -72.3475
97.4515 5.22436 4.31515 4.817171050741296 -74.2756
97.4765 5.24606 4.32757 4.8421697232232574 -73.1372
97.5015 5.26776 4.33998 4.867163631726387 -72.7802
97.5265 5.28946 4.35239 4.892157581650452 -73.7689
97.5515 5.31116 4.36481 4.9171563816600345 -71.5034
97.5765 5.33286 4.37722 4.942150413332237 -72.9138
97.6015 5.35456 4.38963 4.967144484560521 -71.389
97.6265 5.37626 4.40205 4.992143406403707 -71.1112
97.6515 5.39796 4.41446 5.017137555738332 -71.5891
97.6765 5.41966 4.42687 5.042131742874238 -78.638
97.7015 5.44136 4.43929 5.0671307811916595 -77.5537
97.7265 5.46307 4.4517 5.092133807638994 -76.3678
97.7515 5.48477 4.46411 5.117128105197289 -76.1319
97.7765 5.50647 4.47653 5.142127254531922 -76.0556
97.8015 5.52817 4.48894 5.167121623544389 -77.4425
97.8265 5.54987 4.50135 5.192116027151166 -78.0764
97.8515 5.57157 4.51376 5.217110464855043 -75.6857
97.8765 5.59327 4.52618 5.242109755174915 -78.5343
97.9015 5.61497 4.53859 5.267104260312302 -81.8412
97.9265 5.65837 4.56342 5.317098189172361 -87.2691
98.0 5.68007 4.57583 5.342092791575226 -87.6565
98.025 5.70177 4.58825 5.367092247707319 -85.991
98.05 5.72347 4.60066 5.392086912921564 -87.1698
98.075 5.74517 4.61307 5.417081608560092 -86.8655
98.1 5.76687 4.62548 5.442076334203701 -97.6643
98.125 5.78857 4.6379 5.46707591449945 -89.7929
98.15 5.81028 4.65031 5.492079458137874 -87.0528
98.175 5.83197 4.66272 5.517065513413812 -92.1104
98.2 5.85368 4.67514 5.542073940502778 -90.4093
98.225 5.87537 4.68755 5.567060053511189 -93.078
98.25 5.89708 4.69996 5.592063709222204 -95.6548
98.275 5.91877 4.71237 5.617049877809525 -95.0567
98.3 5.94048 4.72479 5.6420584164381 -90.9128
98.325 5.96217 4.7372 5.667044639748306 -95.4629
98.35 5.98388 4.74962 5.69205323225284 -86.1582
98.375 6.00558 4.76203 5.717048264384341 -96.5327
98.4 6.02728 4.77444 5.742043322023965 -94.3946
98.425 6.04898 4.78686 5.76704323722304 -89.1917
98.45 6.07068 4.79927 5.792038345461812 -71.6443
98.4515 6.09238 4.81168 5.817033478225822 -70.3523
98.4765 6.11408 4.82409 5.842028635200276 -70.6837
98.5015 6.13578 4.83651 5.867028650731134 -68.1191
98.5265 6.15748 4.84892 5.892023855756186 -70.2935
98.5515 6.17918 4.86133 5.917019084074345 -75.0894
98.5765 6.20088 4.87375 5.942019171704177 -68.1606
98.6015 6.22258 4.88616 5.967014446270429 -75.8285
98.6265 6.24428 4.89857 5.9920097432581 -67.6809
98.6515 6.26598 4.91099 6.017009900315936 -69.4496
98.6765 6.28768 4.9234 6.042005241838176 -69.3895
98.7015 6.30939 4.93581 6.067009356198488 -68.6709
98.7265 6.33109 4.94823 6.0920095798512985 -70.1479
98.7515 6.35279 4.96064 6.117004985587309 -68.3182
98.7765 6.37449 4.97305 6.142000412129586 -68.0305
98.8015 6.39619 4.98547 6.167000700259406 -65.4716
98.8265 6.41789 4.99788 6.191996168159344 -71.5057
98.8515 6.43959 5.01029 6.2169916561147165 -81.3474
98.8765 6.46129 5.0227 6.241987163884591 -68.4278
98.9015 6.48299 5.03512 6.266987534254397 -67.5325
98.9265 6.50469 5.04753 6.291983081429892 -69.1466
98.9515 6.52639 5.05994 6.316978647716011 -70.4959
98.9765 6.54809 5.07236 6.341979077362208 -73.0436
99.0015 6.56979 5.08477 6.366974681667896 -64.669
99.0265 6.59149 5.09718 6.391970304413187 -67.3552
99.0515 6.61319 5.1096 6.416970791276832 -67.6566
99.0765 6.63489 5.12201 6.441966450719843 -77.8701
99.1015 6.6566 5.13442 6.466970874868697 -67.7093
99.1265 6.6783 5.14684 6.4919714167269715 -72.2465
99.1515 6.7 5.15925 6.516967129156016 -67.8527
99.1765 6.7217 5.17166 6.541962858775645 -73.8044
99.2015 6.7434 5.18408 6.566963454017389 -72.3065
99.2265 6.7651 5.19649 6.5919592178729385 -55.1173
99.2515 6.7868 5.2089 6.616954998335715 -59.418
99.2765 6.8085 5.22132 6.641955645169577 -56.8172
99.3015 6.8302 5.23373 6.666951458717844 -57.2529
99.3265 6.8519 5.24614 6.69194728831601 -56.3826
99.3515 6.8736 5.25855 6.716943133784891 -54.6167
99.3765 6.8953 5.27097 6.7419438466142685 -57.5404
99.4015 6.917 5.28338 6.766939723715589 -56.0433
99.4265 6.9387 5.29579 6.791935616162744 -57.4073
99.4515 6.9604 5.30821 6.816936376709116 -56.1102
99.4765 6.9821 5.32062 6.841932299752753 -54.5127
99.5015 7.0038 5.33303 6.866928237640175 -56.5933
99.5265 7.0255 5.34545 6.891929044360512 -55.2073
99.5515 7.0472 5.35786 6.916925011853172 -57.7627
99.5765 7.0689 5.37027 6.941920993709162 -56.0226
99.6015 7.0906 5.38269 6.96692184512644 -55.0809
99.6265 7.1123 5.3951 6.991917855638752 -55.7274
99.6515 7.134 5.40751 7.0169138800543935 -54.6375
99.6765 7.1557 5.41992 7.041909918225311 -57.3083
99.7015 7.17741 5.43234 7.066919568220655 -55.8147
99.7265 7.19911 5.44475 7.091915633635245 -55.9845
99.7515 7.22081 5.45716 7.116911712372158 -55.5455
99.7765 7.24251 5.46958 7.14191266234053 -54.3126
99.8015 7.26421 5.48199 7.166908767676619 -56.8691
99.8265 7.28591 5.4944 7.191904885918612 -55.2989
99.8515 7.30761 5.50682 7.216905876100921 -57.1568
99.8765 7.32931 5.51923 7.241902020118749 -55.4682
99.9015 7.35101 5.53164 7.266898176643181 -54.8676
99.9265 7.37271 5.54406 7.291899205810513 -56.0105
99.9515 7.39441 5.55647 7.316895387321046 -54.8594
99.9765 7.41611 5.56888 7.341891580955143 -57.5184
