45.0 90.0
44.133 90.4983
44.0463 90.5481
43.9596 90.5979
43.8729 90.6477
43.7862 90.6976
43.6995 90.7474
43.6128 90.7972
43.5261 90.847
43.4394 90.8969
43.3526 90.9467
43.2659 90.9965
43.1792 91.0464
43.0925 91.0962
43.0058 91.146
42.9191 91.1958
42.8324 91.2457
42.7457 91.2955
42.659 91.3453
42.5723 91.3951
42.4856 91.445
42.3989 91.4948
42.3122 91.5446
42.2255 91.5944
42.1388 91.6443
42.0521 91.6941
41.9654 91.7439
41.8787 91.7937
41.792 91.8436
41.7053 91.8934
41.6186 91.9432
41.5319 91.993
41.4452 92.0429
41.3585 92.0927
41.2718 92.1425
41.1851 92.1924
41.0984 92.2422
41.0117 92.292
40.925 92.3418
40.8383 92.3917
40.7516 92.4415
40.6649 92.4913
40.5782 92.5411
40.5608 92.5511
40.4915 92.591
40.4048 92.6408
40.3181 92.6906
40.2313 92.7404
40.1446 92.7903
40.0579 92.8401
39.9712 92.8899
39.8845 92.9397
39.7978 92.9896
39.7111 93.0394
39.6244 93.0892
39.5377 93.139
39.451 93.1889
39.3643 93.2387
39.2776 93.2885
39.1909 93.3384
39.1042 93.3882
39.0175 93.438
38.9308 93.4878
38.8441 93.5377
38.7574 93.5875
38.6707 93.6373
38.584 93.6871
38.4973 93.737
38.4106 93.7868
38.3239 93.8366
38.2372 93.8864
38.1505 93.9363
38.0638 93.9861
37.9771 94.0359
37.8904 94.0857
37.8037 94.1356
37.717 94.1854
37.6303 94.2352
37.5436 94.2851
37.4569 94.3349
37.3702 94.3847
37.2835 94.4345
37.1968 94.4844
37.1101 94.5342
37.0233 94.584
36.9366 94.6338
36.8499 94.6837
36.7632 94.7335
36.6765 94.7833
36.5898 94.8331
36.5031 94.883
36.4164 94.9328
36.3297 94.9826
36.243 95.0324
36.1563 95.0823
36.1216 95.1022
36.0696 95.1321
35.9829 95.1819
35.8962 95.2318
35.8095 95.2816
35.7228 95.3314
35.6361 95.3812
35.5494 95.4311
35.4627 95.4809
35.376 95.5307
35.2893 95.5805
35.2026 95.6304
35.1159 95.6802
35.0292 95.73
34.9425 95.7798
34.8558 95.8297
34.7691 95.8795
34.6824 95.9293
34.5957 95.9791
34.509 96.029
34.4223 96.0788
34.3356 96.1286
34.2489 96.1784
34.1622 96.2283
34.0755 96.2781
33.9888 96.3279
33.9021 96.3778
33.8154 96.4276
33.7287 96.4774
33.6419 96.5272
33.5552 96.5771
33.4685 96.6269
33.3818 96.6767
33.2951 96.7265
33.2084 96.7764
33.1217 96.8262
33.035 96.876
32.9483 96.9258
32.8616 96.9757
32.7749 97.0255
32.6882 97.0753
32.6015 97.1251
32.5148 97.175
32.4281 97.2248
32.3414 97.2746
32.2547 97.3244
32.168 97.3743
32.0813 97.4241
31.9946 97.4739
31.9079 97.5238
31.8212 97.5736
31.7345 97.6234
31.6824 97.6533
31.6478 97.6732
31.5611 97.7231
31.4744 97.7729
31.3877 97.8227
31.301 97.8725
31.2143 97.9224
31.1276 97.9722
31.0409 98.022
30.9542 98.0718
30.8675 98.1217
30.7808 98.1715
30.6941 98.2213
30.6074 98.2711
30.5207 98.321
30.4339 98.3708
30.3472 98.4206
30.2605 98.4704
30.1738 98.5203
30.0871 98.5701
30.0004 98.6199
29.9137 98.6698
29.827 98.7196
29.7403 98.7694
29.6536 98.8192
29.5669 98.8691
29.4802 98.9189
29.3935 98.9687
29.3068 99.0185
29.2201 99.0684
29.1334 99.1182
29.0467 99.168
28.96 99.2178
28.8733 99.2677
28.7866 99.3175
28.6999 99.3673
28.6132 99.4171
28.5265 99.467
28.4398 99.5168
28.3531 99.5666
28.2664 99.6165
28.1797 99.6663
28.093 99.7161
28.0063 99.7659
27.9196 99.8158
27.8329 99.8656
27.7462 99.9154
27.6595 99.9652
27.5728 100.015
27.4861 100.065
27.3994 100.115
27.3127 100.165
27.2433 100.204
27.2259 100.214
27.1392 100.264
27.0525 100.314
26.9658 100.364
26.8791 100.414
26.7924 100.463
26.7057 100.513
26.619 100.563
26.5323 100.613
26.4456 100.663
26.3589 100.713
26.2722 100.762
26.1855 100.812
26.0988 100.862
26.0121 100.912
25.9254 100.962
25.8387 101.012
25.752 101.061
25.6653 101.111
25.5786 101.161
25.4919 101.211
25.4052 101.261
25.3185 101.311
25.2318 101.36
25.1451 101.41
25.0584 101.46
24.9717 101.51
24.885 101.56
24.7983 101.609
24.7116 101.659
24.6249 101.709
24.5382 101.759
24.4515 101.809
24.3648 101.859
24.2781 101.908
24.1914 101.958
24.1047 102.008
24.0179 102.058
23.9312 102.108
23.8445 102.158
23.7578 102.207
23.6711 102.257
23.5844 102.307
23.4977 102.357
23.411 102.407
23.3243 102.457
23.2376 102.506
23.1509 102.556
23.0642 102.606
22.9775 102.656
22.8908 102.706
22.8041 102.755
22.7174 102.805
22.6307 102.855
22.544 102.905
22.4573 102.955
22.3706 103.005
22.2839 103.054
22.1972 103.104
22.1105 103.154
22.0238 103.204
21.9371 103.254
21.8504 103.304
21.7637 103.353
21.677 103.403
21.5903 103.453
21.5036 103.503
21.4169 103.553
21.3302 103.603
21.2435 103.652
21.1568 103.702
21.0701 103.752
20.9834 103.802
20.8967 103.852
20.81 103.902
20.7233 103.951
20.6365 104.001
20.5498 104.051
20.4631 104.101
20.3764 104.151
20.2897 104.2
20.203 104.25
20.1163 104.3
20.0296 104.35
19.9429 104.4
19.8562 104.45
19.7695 104.499
19.6828 104.549
19.5961 104.599
19.5094 104.649
19.4227 104.699
19.336 104.749
19.2493 104.798
19.1626 104.848
19.0759 104.898
18.9892 104.948
18.9025 104.998
18.8158 105.048
18.7291 105.097
18.6424 105.147
18.5557 105.197
18.469 105.247
18.3823 105.297
18.3649 105.307
18.2956 105.346
18.2089 105.396
18.1222 105.446
18.0355 105.496
17.9488 105.546
17.8621 105.596
17.7754 105.645
17.6887 105.695
17.602 105.745
17.5152 105.795
17.4285 105.845
17.3418 105.895
17.2551 105.944
17.1684 105.994
17.0817 106.044
16.995 106.094
16.9083 106.144
16.8216 106.194
16.7349 106.243
16.6482 106.293
16.5615 106.343
16.4748 106.393
16.3881 106.443
16.3014 106.492
16.2147 106.542
16.128 106.592
16.0413 106.642
15.9546 106.692
15.8679 106.742
15.7812 106.791
15.6945 106.841
15.6078 106.891
15.5211 106.941
15.4344 106.991
15.3477 107.041
15.261 107.09
15.1743 107.14
15.0876 107.19
15.0009 107.24
14.9142 107.29
14.8275 107.34
14.7408 107.389
14.6541 107.439
14.5674 107.489
14.4807 107.539
14.394 107.589
14.3072 107.638
14.2205 107.688
14.1338 107.738
14.0471 107.788
13.9604 107.838
13.9257 107.858
13.8737 107.888
13.787 107.937
13.7003 107.987
13.6136 108.037
13.5269 108.087
13.4402 108.137
13.3535 108.187
13.2668 108.236
13.1801 108.286
13.0934 108.336
13.0067 108.386
12.92 108.436
12.8333 108.486
12.7466 108.535
12.6599 108.585
12.5732 108.635
12.4865 108.685
12.3998 108.735
12.3131 108.784
12.2264 108.834
12.1397 108.884
12.053 108.934
11.9663 108.984
11.8796 109.034
11.7929 109.083
11.7062 109.133
11.6195 109.183
11.5328 109.233
11.4461 109.283
11.3594 109.333
11.2727 109.382
11.186 109.432
11.0992 109.482
11.0125 109.532
10.9258 109.582
10.8391 109.632
10.7524 109.681
10.6657 109.731
10.579 109.781
10.4923 109.831
10.4056 109.881
10.3189 109.93
10.2322 109.98
10.1455 110.03
10.0588 110.08
9.97212 110.13
9.88542 110.18
9.79871 110.229
9.71201 110.279
9.62531 110.329
9.53861 110.379
9.48656 110.409
9.4519 110.429
9.3652 110.479
9.2785 110.528
9.19179 110.578
9.10509 110.628
9.01839 110.678
8.93169 110.728
8.84498 110.778
8.75828 110.827
8.67158 110.877
8.58488 110.927
8.49817 110.977
8.41147 111.027
8.32477 111.076
8.23806 111.126
8.15136 111.176
8.06466 111.226
7.97796 111.276
7.89125 111.326
7.80455 111.375
7.71785 111.425
7.63115 111.475
7.54444 111.525
7.45774 111.575
7.37104 111.625
7.28434 111.674
7.19763 111.724
7.11093 111.774
7.02423 111.824
6.93753 111.874
6.85082 111.924
6.76412 111.973
6.67742 112.023
6.59071 112.073
6.50401 112.123
6.41731 112.173
6.33061 112.222
6.2439 112.272
6.1572 112.322
6.0705 112.372
5.9838 112.422
5.89709 112.472
5.81039 112.521
5.72369 112.571
5.63699 112.621
5.55028 112.671
5.46358 112.721
5.37688 112.771
5.29018 112.82
5.20347 112.87
5.11677 112.92
5.04739 112.96
5.03006 112.97
4.94336 113.02
4.85666 113.07
4.76996 113.119
4.68325 113.169
4.59655 113.219
4.50985 113.269
4.42315 113.319
4.33644 113.368
4.24974 113.418
4.16304 113.468
4.07634 113.518
3.98963 113.568
3.90293 113.618
3.81623 113.667
3.72952 113.717
3.64282 113.767
3.55612 113.817
3.46942 113.867
3.38271 113.917
3.29601 113.966
3.20931 114.016
3.12261 114.066
3.0359 114.116
2.9492 114.166
2.8625 114.216
2.7758 114.265
2.68909 114.315
2.60239 114.365
2.51569 114.415
2.42899 114.465
2.34228 114.514
2.25558 114.564
2.16888 114.614
2.08217 114.664
1.99547 114.714
1.90877 114.764
1.82207 114.813
1.73536 114.863
1.64866 114.913
1.63013 114.815
1.6116 114.717
1.59307 114.618
1.57454 114.52
1.55601 114.422
1.53748 114.323
1.51894 114.225
1.50041 114.127
1.48188 114.029
1.46335 113.93
1.44482 113.832
1.42629 113.734
1.40776 113.636
1.38923 113.537
1.3707 113.439
1.35216 113.341
1.33363 113.243
1.3151 113.144
1.29657 113.046
1.27804 112.948
1.25951 112.849
1.24098 112.751
1.22245 112.653
1.20391 112.555
1.18538 112.456
1.16685 112.358
1.14832 112.26
1.12979 112.162
1.11126 112.063
1.09273 111.965
1.0742 111.867
1.05567 111.769
1.03713 111.67
1.0186 111.572
1.00007 111.474
0.981542 111.375
0.963009 111.277
0.944479 111.179
0.925948 111.081
0.907417 110.982
0.888885 110.884
0.870354 110.786
0.851823 110.688
0.833293 110.589
0.81476 110.491
0.796229 110.393
0.777699 110.294
0.759168 110.196
0.740636 110.098
0.722105 110.0
0.703574 109.901
0.685043 109.803
0.666511 109.705
0.64798 109.607
0.62945 109.508
0.610917 109.41
0.592386 109.312
0.573856 109.214
0.555325 109.115
0.536793 109.017
0.518262 108.919
0.499731 108.82
0.4812 108.722
0.47749 108.703
0.462669 108.624
0.444137 108.526
0.425606 108.427
0.407075 108.329
0.388545 108.231
0.370012 108.133
0.351481 108.034
0.332951 107.936
0.31442 107.838
0.295888 107.74
0.277357 107.641
0.258826 107.543
0.240295 107.445
0.221763 107.346
0.203232 107.248
0.184702 107.15
0.166169 107.052
0.147639 106.953
0.129108 106.855
0.110577 106.757
0.0920447 106.659
0.073514 106.56
0.0549833 106.462
0.0364525 106.364
0.0179202 106.265
-0.000610567 106.167
-0.0191413 106.069
-0.037672 105.971
-0.0562044 105.872
-0.0747351 105.774
-0.0932658 105.676
-0.111798 105.578
-0.130329 105.479
-0.14886 105.381
-0.16739 105.283
-0.185923 105.185
-0.204453 105.086
-0.222984 104.988
-0.241515 104.89
-0.260047 104.791
-0.278578 104.693
-0.297109 104.595
-0.315639 104.497
-0.334172 104.398
-0.352703 104.3
-0.371233 104.202
-0.389766 104.104
-0.408296 104.005
-0.426827 103.907
-0.445358 103.809
-0.46389 103.711
-0.471306 103.671
-0.482421 103.612
-0.500951 103.514
-0.519484 103.416
-0.538014 103.317
-0.556545 103.219
-0.575076 103.121
-0.593608 103.023
-0.612139 102.924
-0.63067 102.826
-0.6492 102.728
-0.667733 102.63
-0.686263 102.531
-0.704794 102.433
-0.723327 102.335
-0.741857 102.237
-0.760388 102.138
-0.778919 102.04
-0.797451 101.942
-0.815982 101.843
-0.834513 101.745
-0.853043 101.647
-0.871576 101.549
-0.890106 101.45
-0.908637 101.352
-0.927169 101.254
-0.9457 101.156
-0.964231 101.057
-0.982762 100.959
-1.00129 100.861
-1.01982 100.762
-1.03836 100.664
-1.05689 100.566
-1.07542 100.468
-1.09395 100.369
-1.11248 100.271
-1.13101 100.173
-1.14954 100.075
-1.16807 99.9763
-1.1866 99.8781
-1.20514 99.7798
-1.22367 99.6815
-1.2422 99.5833
-1.26073 99.485
-1.27926 99.3867
-1.29779 99.2885
-1.31632 99.1902
-1.33485 99.0919
-1.35339 98.9937
-1.37192 98.8954
-1.39045 98.7971
-1.40898 98.6989
-1.4201 98.6399
-1.42751 98.6006
-1.44604 98.5023
-1.46457 98.4041
-1.4831 98.3058
-1.50163 98.2075
-1.52017 98.1093
-1.5387 98.011
-1.55723 97.9127
-1.57576 97.8144
-1.59429 97.7162
-1.61282 97.6179
-1.63135 97.5196
-1.64988 97.4214
-1.66841 97.3231
-1.68695 97.2248
-1.70548 97.1266
-1.72401 97.0283
-1.74254 96.93
-1.76107 96.8318
-1.7796 96.7335
-1.79813 96.6352
-1.81667 96.537
-1.8352 96.4387
-1.85373 96.3404
-1.87226 96.2422
-1.89079 96.1439
-1.90932 96.0456
-1.92785 95.9474
-1.94638 95.8491
-1.96491 95.7508
-1.98344 95.6526
-2.00198 95.5543
-2.02051 95.456
-2.03904 95.3577
-2.05757 95.2595
-2.0761 95.1612
-2.09463 95.0629
-2.11316 94.9647
-2.13169 94.8664
-2.15023 94.7681
-2.16876 94.6699
-2.18729 94.5716
-2.20582 94.4733
-2.22435 94.3751
-2.24288 94.2768
-2.26141 94.1785
-2.27994 94.0803
-2.29848 93.982
-2.31701 93.8837
-2.33554 93.7855
-2.35407 93.6872
-2.3689 93.6086
-2.3726 93.5889
-2.39113 93.4907
-2.40966 93.3924
-2.42819 93.2941
-2.44672 93.1959
-2.46526 93.0976
-2.48379 92.9993
-2.50232 92.901
-2.52085 92.8028
-2.53938 92.7045
-2.55791 92.6062
-2.57644 92.508
-2.59497 92.4097
-2.6135 92.3114
-2.63203 92.2132
-2.65057 92.1149
-2.6691 92.0166
-2.68763 91.9184
-2.70616 91.8201
-2.72469 91.7218
-2.74322 91.6236
-2.76175 91.5253
