dst_x	dst_y
1.30199	5.08447
1.32192	5.06937
1.34184	5.05427
1.36176	5.03916
1.38169	5.02406
1.40161	5.00896
1.42153	4.99386
1.44146	4.97876
1.46138	4.96366
1.4813	4.94855
1.50123	4.93345
1.52115	4.91835
1.54107	4.90325
1.561	4.88815
1.58092	4.87305
1.60084	4.85794
1.62077	4.84284
1.64069	4.82774
1.66061	4.81264
1.68054	4.79754
1.70046	4.78244
1.72038	4.76733
1.74031	4.75223
1.76023	4.73713
1.78015	4.72203
1.80008	4.70693
1.82	4.69183
1.83992	4.67672
1.85985	4.66162
1.87977	4.64652
1.89969	4.63142
1.91962	4.61632
1.93954	4.60122
1.95946	4.58611
1.97939	4.57101
1.99931	4.55591
2.01923	4.54081
2.03916	4.52571
2.05908	4.51061
2.079	4.4955
2.09893	4.4804
2.11885	4.4653
2.13878	4.4502
2.1587	4.4351
2.17862	4.42
2.19855	4.40489
2.21847	4.38979
2.23839	4.37469
2.25832	4.35959
2.27824	4.34449
2.29816	4.32938
2.31809	4.31428
2.33801	4.29918
2.35793	4.28408
2.37786	4.26898
2.39778	4.25388
2.4177	4.23877
2.43763	4.22367
2.45755	4.20857
2.47747	4.19347
2.4974	4.17837
2.51732	4.16327
2.53725	4.14816
2.55717	4.13306
2.57709	4.11796
2.59702	4.10286
2.61694	4.08776
2.63686	4.07266
2.65679	4.05755
2.67671	4.04245
2.69663	4.02735
2.71656	4.01225
2.73648	3.99715
2.7564	3.98205
2.77633	3.96694
2.79625	3.95184
2.81617	3.93674
2.8361	3.92164
2.85602	3.90654
2.87594	3.89144
2.89587	3.87633
2.91579	3.86123
2.93571	3.84613
2.95564	3.83103
2.97556	3.81593
2.99548	3.80083
3.01541	3.78572
3.03533	3.77062
3.05525	3.75552
3.07518	3.74042
3.0951	3.72532
3.11502	3.71022
3.13495	3.69512
3.15487	3.68001
3.17479	3.66491
3.19472	3.64981
3.21464	3.63471
3.23456	3.61961
3.25449	3.60451
3.27441	3.5894
3.29433	3.5743
3.31426	3.5592
3.33418	3.5441
3.3541	3.529
3.37403	3.5139
3.39395	3.49879
3.41387	3.48369
3.4338	3.46859
3.45372	3.45349
3.47364	3.43839
3.49357	3.42329
3.51349	3.40818
3.53341	3.39308
3.55334	3.37798
3.57326	3.36288
3.59318	3.34778
3.61311	3.33268
3.63303	3.31757
3.65295	3.30247
3.67288	3.28737
3.6928	3.27227
3.71272	3.25717
3.73265	3.24207
3.75257	3.22696
3.77249	3.21186
3.79242	3.19676
3.81234	3.18166
3.83226	3.16656
3.85219	3.15146
3.87211	3.13635
3.89204	3.12125
3.91196	3.10615
3.93188	3.09105
3.95181	3.07595
3.97173	3.06085
3.99165	3.04574
3.97249	3.03064
3.95256	3.01554
3.93264	3.00044
3.91272	2.98534
3.89279	2.97024
3.87287	2.95513
3.85295	2.94003
3.83302	2.92493
3.8131	2.90983
3.79318	2.89473
3.77325	2.87963
3.75333	2.86452
3.73341	2.84942
3.71348	2.83432
3.69356	2.81922
3.67364	2.80412
3.65371	2.78902
3.63379	2.77391
3.61387	2.75881
3.59394	2.74371
3.57402	2.72861
3.55409	2.71351
3.53417	2.69841
3.51425	2.6833
3.49432	2.66821
3.47006	2.66218
3.4458	2.65616
3.42153	2.65013
3.39727	2.64411
3.37301	2.63808
3.34874	2.63205
3.32448	2.62603
3.30022	2.62
3.27596	2.61398
3.25169	2.60795
3.22743	2.60193
3.20317	2.5959
3.1789	2.58988
3.15464	2.58385
3.13038	2.57783
3.10612	2.5718
3.08186	2.56578
3.0576	2.55975
3.03333	2.55373
3.00907	2.5477
2.98481	2.54168
2.96054	2.53565
2.93628	2.52963
2.91202	2.5236
2.88776	2.51758
2.86349	2.51155
2.83923	2.50553
2.81497	2.4995
2.7907	2.49348
2.76644	2.48745
2.74218	2.48142
2.71791	2.4754
2.69365	2.46937
2.66939	2.46335
2.64512	2.45732
2.62086	2.4513
2.5966	2.44527
2.57234	2.43925
2.54807	2.43322
2.52381	2.4272
2.49955	2.42117
2.47528	2.41515
2.45102	2.40912
2.42676	2.4031
2.40249	2.39707
2.37823	2.39105
2.35397	2.38502
2.3297	2.379
2.30544	2.37297
2.28118	2.36694
2.25692	2.36092
2.23265	2.35489
2.20839	2.34887
2.18413	2.34284
2.15986	2.33682
2.1356	2.33079
2.11134	2.32477
2.08707	2.31874
2.06281	2.31272
2.03855	2.30669
2.01428	2.30067
1.99002	2.29464
1.96576	2.28862
1.9415	2.28259
1.91723	2.27657
1.89297	2.27054
1.86871	2.26451
1.84444	2.25849
1.82018	2.25246
1.79592	2.24644
1.77165	2.24041
1.74739	2.23439
1.72313	2.22836
1.69886	2.22234
1.6746	2.21631
1.65034	2.21029
1.62608	2.20426
1.60181	2.19824
1.57755	2.19221
1.55329	2.18619
1.52902	2.18016
1.50476	2.17414
1.4805	2.16811
1.45623	2.16209
1.43197	2.15606
1.40771	2.15003
1.38344	2.14401
1.35918	2.13798
1.33492	2.13196
1.31066	2.12593
1.28639	2.11991
1.26213	2.11388
1.2427	2.10906
1.0	2.0
1.2136	2.10183
1.18934	2.09581
1.16507	2.08978
1.14081	2.08376
1.11655	2.07773
1.09228	2.07171
1.06802	2.06568
1.04376	2.05965
1.01949	2.05363
0.995232	2.0476
0.970969	2.04158
0.946706	2.03555
0.922443	2.02953
0.898179	2.0235
0.873916	2.01748
0.849653	2.01145
0.82539	2.00543
0.801127	1.9994
0.776864	1.99338
0.752601	1.98735
0.728338	1.98133
0.704075	1.9753
0.679812	1.96928
0.655549	1.96325
0.631286	1.95722
0.607023	1.9512
0.58276	1.94517
0.558497	1.93915
0.534234	1.93312
0.50997	1.9271
0.485707	1.92107
0.461444	1.91505
0.437181	1.90902
0.412918	1.903
0.388655	1.89697
0.364392	1.89095
0.340129	1.88492
0.315866	1.8789
0.291603	1.87287
0.26734	1.86685
0.243077	1.86082
0.218814	1.8548
0.194551	1.84877
0.170288	1.84274
0.146024	1.83672
0.121761	1.83069
0.0974984	1.82467
0.0732353	1.81864
0.0489722	1.81262
0.0247092	1.80659
0.000446088	1.80057
0.0432274	1.79454
0.0674905	1.78852
0.0917536	1.78249
0.116017	1.77647
0.14028	1.77044
0.164543	1.76442
0.188806	1.75839
0.213069	1.75237
0.237332	1.74634
0.261595	1.74032
0.285858	1.73429
0.310121	1.72826
0.334384	1.72224
0.358647	1.71621
0.38291	1.71019
0.407173	1.70416
0.431436	1.69814
0.4557	1.69211
0.479963	1.68609
0.504226	1.68006
0.528489	1.67404
0.552752	1.66801
0.577015	1.66199
0.601278	1.65596
0.625541	1.64994
0.649804	1.64391
0.674067	1.63789
0.69833	1.63186
0.722593	1.62583
0.746856	1.61981
0.771119	1.61378
0.795382	1.60776
0.819645	1.60173
0.843909	1.59571
0.868172	1.58968
0.892435	1.58366
0.916698	1.57763
0.940961	1.57161
0.965224	1.56558
0.989487	1.55956
1.01375	1.55353
1.03801	1.54751
1.06228	1.54148
1.08654	1.53546
1.1108	1.52943
1.13507	1.52341
1.15933	1.51738
1.18359	1.51135
1.20785	1.50533
1.23212	1.4993
1.25638	1.49328
1.28064	1.48725
1.30491	1.48123
1.32917	1.4752
1.35343	1.46918
1.3777	1.46315
1.40196	1.45713
1.42622	1.4511
1.45049	1.44508
1.47475	1.43905
1.49901	1.43303
1.52327	1.427
1.54754	1.42098
1.5718	1.41495
1.59606	1.40892
1.62033	1.4029
1.64459	1.39687
1.66885	1.39085
1.69312	1.38482
1.71738	1.3788
1.74164	1.37277
1.7659	1.36675
1.79017	1.36072
1.81443	1.3547
1.83869	1.34867
1.86296	1.34265
1.88722	1.33662
1.91148	1.3306
1.93575	1.32457
1.96001	1.31855
1.98427	1.31252
2.00854	1.3065
2.0328	1.30047
2.05706	1.29444
2.08132	1.28842
2.10559	1.28239
2.12985	1.27637
2.15411	1.27034
2.17838	1.26432
2.20264	1.25829
2.2269	1.25227
2.25117	1.24624
2.27543	1.24022
2.29969	1.23419
2.32396	1.22817
2.34821	1.22215
2.32636	1.2343
2.30451	1.24645
2.28266	1.2586
2.26082	1.27075
2.23897	1.2829
2.21712	1.29506
2.19527	1.30721
2.17342	1.31936
2.15158	1.33151
2.12973	1.34366
2.10788	1.35582
2.08603	1.36797
2.06418	1.38012
2.04234	1.39227
2.02049	1.40442
1.99864	1.41658
1.97679	1.42873
1.95495	1.44088
1.9331	1.45303
1.91125	1.46518
1.8894	1.47733
1.86755	1.48949
1.84571	1.50164
1.82386	1.51379
1.80201	1.52594
1.78016	1.53809
1.75831	1.55025
1.73647	1.5624
1.71462	1.57455
1.69277	1.5867
1.67092	1.59885
1.64907	1.61101
1.62723	1.62316
1.60538	1.63531
1.58353	1.64746
1.56168	1.65961
1.53983	1.67176
1.51799	1.68392
1.49614	1.69607
1.47429	1.70822
1.45244	1.72037
1.43059	1.73252
1.40875	1.74468
1.3869	1.75683
1.36505	1.76898
1.3432	1.78113
1.32136	1.79328
1.29951	1.80544
1.27766	1.81759
1.25581	1.82974
1.23396	1.84189
1.21212	1.85404
1.19027	1.86619
1.16842	1.87835
1.14657	1.8905
1.12472	1.90265
1.10288	1.9148
1.08975	1.9221
1.08103	1.92696
1.05918	1.93911
1.03733	1.95126
1.01548	1.96341
0.993634	1.97556
0.971786	1.98772
0.949938	1.99987
0.92809	2.01202
0.906242	2.02417
0.884394	2.03632
0.862546	2.04847
0.840698	2.06063
0.818858	2.07277
0.79701	2.08493
0.775162	2.09708
0.753314	2.10923
0.731466	2.12138
0.709618	2.13353
0.68777	2.14569
0.665923	2.15784
0.644075	2.16999
0.622227	2.18214
0.600379	2.19429
0.578531	2.20644
0.556683	2.2186
0.534835	2.23075
0.512987	2.2429
0.491139	2.25505
0.469291	2.2672
0.447443	2.27936
0.425595	2.29151
0.403747	2.30366
0.381899	2.31581
0.360051	2.32796
0.338204	2.34011
0.316356	2.35227
0.294508	2.36442
0.27266	2.37657
0.250812	2.38872
0.228964	2.40087
0.207116	2.41303
0.185268	2.42518
0.16342	2.43733
0.141572	2.44948
0.119724	2.46163
0.0978763	2.47379
0.0760283	2.48594
0.0541804	2.49809
0.0323324	2.51024
0.0104845	2.52239
0.0288418	2.53454
0.0506897	2.5467
0.0725376	2.55885
0.0943856	2.571
0.116234	2.58315
0.138081	2.5953
0.159929	2.60746
0.181777	2.61961
0.203625	2.63176
0.225473	2.64391
0.247321	2.65606
0.269169	2.66822
0.291017	2.68037
0.312865	2.69252
0.334713	2.70467
0.356561	2.71682
0.378409	2.72897
0.400257	2.74113
0.422105	2.75328
0.443953	2.76543
0.4658	2.77758
0.487648	2.78973
0.509496	2.80189
0.531344	2.81404
0.553192	2.82619
0.57504	2.83834
0.596888	2.85049
0.618736	2.86265
0.640584	2.8748
0.662432	2.88695
0.68428	2.8991
0.706128	2.91125
0.727976	2.9234
0.749824	2.93556
0.771672	2.94771
0.793519	2.95986
0.815367	2.97201
0.837215	2.98416
0.859063	2.99632
0.880911	3.00847
0.902759	3.02062
0.924607	3.03277
0.946455	3.04492
0.968303	3.05708
0.990151	3.06923
1.012	3.08138
1.03385	3.09353
1.05569	3.10568
1.07754	3.11783
1.09939	3.12999
1.12124	3.14214
1.14309	3.15429
1.16493	3.16644
1.18678	3.17859
1.20863	3.19075
1.23048	3.2029
1.25233	3.21505
1.27417	3.2272
1.29602	3.23935
1.31787	3.25151
1.33972	3.26366
1.36157	3.27581
1.38341	3.28796
1.40526	3.30011
1.42711	3.31226
1.44896	3.32442
1.47081	3.33657
1.49265	3.34872
1.5145	3.36087
1.53635	3.37302
1.5582	3.38518
1.58005	3.39733
1.60189	3.40948
1.62374	3.42163
1.64559	3.43378
1.66744	3.44594
1.68928	3.45809
1.71113	3.47024
1.73298	3.48239
1.75483	3.49454
1.77668	3.50669
1.79852	3.51885
1.82037	3.531
1.84222	3.54315
1.86407	3.5553
1.88592	3.56745
1.90776	3.57961
1.92961	3.59176
1.95146	3.60391
1.97331	3.61606
1.99516	3.62821
2.017	3.64037
2.03885	3.65252
2.0607	3.66467
2.08255	3.67682
2.1044	3.68897
2.12624	3.70112
2.14809	3.71328
2.16994	3.72543
2.19179	3.73758
2.21364	3.74973
2.23548	3.76188
2.25733	3.77404
2.27918	3.78619
2.30103	3.79834
2.32288	3.81049
2.34472	3.82264
2.36657	3.8348
2.38842	3.84695
2.41027	3.8591
2.43211	3.87125
2.45396	3.8834
2.47581	3.89555
2.49766	3.90771
2.51951	3.91986
2.54135	3.93201
2.5632	3.94416
2.58505	3.95631
2.6069	3.96847
2.62875	3.98062
2.65059	3.99277
2.67244	4.00492
2.69429	4.01707
2.71614	4.02923
2.73799	4.04138
2.75983	4.05353
2.78168	4.06568
2.80353	4.07783
2.82538	4.08999
2.84723	4.10214
2.86907	4.11429
2.89092	4.12644
2.91277	4.13859
2.90286	4.11564
2.89296	4.09268
2.88305	4.06973
2.87315	4.04677
2.86324	4.02382
2.85334	4.00087
2.84343	3.97791
2.83353	3.95496
2.82362	3.932
2.81371	3.90905
2.80381	3.8861
2.7939	3.86314
2.784	3.84019
2.77409	3.81723
2.76419	3.79428
2.75428	3.77133
2.74438	3.74837
2.73447	3.72542
2.72457	3.70246
2.71466	3.67951
2.70476	3.65656
2.69485	3.6336
2.69088	3.6244
2.68494	3.61065
2.67504	3.58769
2.66513	3.56474
2.65523	3.54179
2.64532	3.51883
2.63542	3.49588
2.62551	3.47292
2.61561	3.44997
2.6057	3.42702
2.5958	3.40406
2.58589	3.38111
2.57599	3.35815
2.56608	3.3352
2.55617	3.31225
2.54627	3.28929
2.53636	3.26634
2.52646	3.24338
2.51655	3.22043
2.50665	3.19748
2.49674	3.17452
2.48684	3.15157
2.47693	3.12861
2.46703	3.10566
2.45712	3.08271
2.44722	3.05975
2.43731	3.0368
2.42741	3.01384
2.4175	2.99089
2.40759	2.96794
2.39769	2.94498
2.38778	2.92203
2.37788	2.89907
2.36797	2.87612
2.35807	2.85317
2.34816	2.83021
2.33826	2.80726
2.32835	2.7843
2.31845	2.76135
2.30854	2.7384
2.29864	2.71544
2.28873	2.69249
2.27883	2.66953
2.26892	2.64658
2.25901	2.62363
2.24911	2.60067
2.2392	2.57772
2.2293	2.55476
2.21939	2.53181
2.20949	2.50886
2.19958	2.4859
2.18968	2.46295
2.17977	2.43999
2.16987	2.41704
2.15996	2.39409
2.15006	2.37113
2.14015	2.34818
2.13025	2.32522
2.12034	2.30227
2.11043	2.27932
2.10053	2.25636
2.09062	2.23341
2.08072	2.21045
2.07081	2.1875
2.06091	2.16455
2.051	2.14159
2.0411	2.11864
2.03119	2.09568
2.02129	2.07273
2.01138	2.04978
2.00148	2.02682
1.99157	2.00387
1.98167	1.98092
1.97176	1.95796
1.96185	1.93501
1.95195	1.91205
1.94204	1.8891
1.93214	1.86615
1.92223	1.84319
1.91233	1.82024
1.90242	1.79728
1.89252	1.77433
1.88261	1.75138
1.87271	1.72842
1.8628	1.70547
1.8529	1.68251
1.84299	1.65956
1.83309	1.63661
1.82318	1.61365
1.81327	1.5907
1.80337	1.56774
1.79346	1.54479
1.78356	1.52184
1.77365	1.49888
1.76375	1.47593
1.75384	1.45297
1.74394	1.43002
1.73403	1.40707
1.72413	1.38411
1.71422	1.36116
1.70432	1.3382
1.69441	1.31525
1.68451	1.2923
1.6746	1.26934
1.66469	1.24639
1.65479	1.22343
1.64488	1.20048
1.63498	1.17753
1.62507	1.15457
1.61517	1.13162
1.60526	1.10866
1.59536	1.08571
1.58545	1.06276
1.57555	1.0398
1.56564	1.01685
1.55574	0.993894
1.54583	0.97094
1.53592	0.947987
1.52602	0.925033
1.51611	0.902079
1.50621	0.879125
1.4963	0.856171
1.4864	0.833217
1.47649	0.810263
1.46659	0.787309
1.45668	0.764355
1.44678	0.741401
1.43687	0.718447
1.42697	0.695493
1.41706	0.672539
1.40716	0.649585
1.39725	0.626631
1.38734	0.603677
1.37744	0.580723
1.36753	0.557769
1.35763	0.534815
1.34772	0.511861
1.33782	0.488907
1.32791	0.465953
1.31801	0.442999
1.3081	0.420045
1.2982	0.397091
1.28829	0.374137
1.27839	0.351183
1.26848	0.328229
1.25858	0.305275
1.24867	0.282321
1.23876	0.259367
1.22886	0.236413
1.21895	0.213459
1.20905	0.190505
1.19914	0.167551
1.18924	0.144598
1.17933	0.121644
1.16943	0.0986896
1.15952	0.0757356
1.14962	0.0527816
1.13971	0.0298277
1.12981	0.00687368
1.1199	0.0344435
1.11	0.0573974
1.10009	0.0803514
1.09018	0.103305
1.08028	0.126259
1.07037	0.149213
1.06047	0.172167
1.05056	0.195121
1.04066	0.218075
1.03075	0.241029
1.02085	0.263983
1.01094	0.286937
1.00104	0.309891
0.991131	0.332845
0.981226	0.355799
0.971321	0.378753
0.961415	0.401707
0.95151	0.424661
0.941605	0.447615
0.931699	0.470569
0.921794	0.493523
0.911889	0.516477
0.901983	0.539431
0.892078	0.562385
0.882173	0.585339
0.872267	0.608293
0.862362	0.631247
0.852457	0.654201
0.842551	0.677155
0.832646	0.700109
0.822741	0.723063
0.812835	0.746017
0.80293	0.768971
0.793025	0.791925
0.783119	0.814878
0.773214	0.837832
0.763309	0.860786
0.753403	0.88374
0.743498	0.906694
0.733593	0.929648
0.723687	0.952602
0.713782	0.975556
0.703877	0.99851
0.693971	1.02146
0.684066	1.04442
0.674161	1.06737
0.664255	1.09033
0.654349	1.11328
0.644444	1.13624
0.634538	1.15919
0.624633	1.18214
0.614728	1.2051
0.604822	1.22805
0.594917	1.25101
0.585012	1.27396
0.575106	1.29691
0.565201	1.31987
0.555296	1.34282
0.54539	1.36578
0.535491	1.38873
0.542539	1.41272
0.549587	1.4367
0.556635	1.46069
0.563683	1.48467
0.570731	1.50866
0.577779	1.53265
0.584827	1.55663
0.591875	1.58062
0.598923	1.6046
0.605971	1.62859
0.613019	1.65258
0.620067	1.67656
0.627115	1.70055
0.634163	1.72453
0.641211	1.74852
0.648259	1.7725
0.655307	1.79649
0.662355	1.82048
0.669403	1.84446
0.676451	1.86845
0.683499	1.89243
0.690547	1.91642
0.697595	1.94041
0.704643	1.96439
0.711692	1.98838
0.71874	2.01236
0.725788	2.03635
0.732836	2.06034
0.739884	2.08432
0.746932	2.10831
0.75398	2.13229
0.761028	2.15628
0.768076	2.18027
0.775124	2.20425
0.782172	2.22824
0.78922	2.25222
0.796268	2.27621
0.803316	2.3002
0.810364	2.32418
0.817412	2.34817
0.82446	2.37215
0.831508	2.39614
0.838556	2.42013
0.845604	2.44411
0.852652	2.4681
0.8597	2.49208
0.866748	2.51607
0.873796	2.54005
0.880844	2.56404
0.887893	2.58803
0.894941	2.61201
0.901989	2.636
0.909037	2.65998
0.916085	2.68397
0.923133	2.70796
0.930181	2.73194
0.937229	2.75593
0.944277	2.77991
0.951325	2.8039
0.958373	2.82789
0.965421	2.85187
0.972469	2.87586
0.979517	2.89984
0.986565	2.92383
0.993613	2.94782
1.00066	2.9718
1.00771	2.99579
1.01476	3.01977
1.02181	3.04376
1.02885	3.06775
1.0359	3.09173
1.04295	3.11572
1.05	3.1397
1.05705	3.16369
1.06409	3.18768
1.07114	3.21166
1.07819	3.23565
1.08524	3.25963
1.09229	3.28362
1.09933	3.30761
1.10638	3.33159
1.11343	3.35558
1.12048	3.37956
1.12753	3.40355
1.13457	3.42753
1.14162	3.45152
1.14867	3.47551
1.15572	3.49949
1.16277	3.52348
1.16981	3.54746
1.17686	3.57145
1.18391	3.59544
1.19096	3.61942
1.19801	3.64341
1.20505	3.66739
1.2121	3.69138
1.21915	3.71537
1.2262	3.73935
1.23325	3.76334
1.24029	3.78732
1.24734	3.81131
1.25439	3.8353
1.26144	3.85928
1.26849	3.88327
1.27553	3.90725
1.28258	3.93124
1.28963	3.95523
1.29668	3.97921
1.30373	4.0032
1.31078	4.02718
1.31782	4.05117
1.32487	4.07516
1.33192	4.09914
1.33897	4.12313
1.34602	4.14711
1.35306	4.1711
1.36011	4.19509
1.36716	4.21907
1.37421	4.24306
1.38126	4.26704
1.3883	4.29103
1.39535	4.31501
1.4024	4.339
1.40945	4.36299
1.4165	4.38697
1.42354	4.41096
1.43059	4.43494
1.43764	4.45892
1.44469	4.48291
1.45173	4.50689
1.45878	4.53088
1.46583	4.55487
1.47288	4.57885
1.47993	4.60284
1.48697	4.62682
1.49402	4.65081
1.50107	4.6748
1.50812	4.69878
1.51517	4.72277
1.52221	4.74675
1.52926	4.77074
1.53631	4.79473
1.54336	4.81871
1.55041	4.8427
1.55745	4.86668
1.5645	4.89067
1.57155	4.91466
1.5786	4.93864
1.58565	4.96263
1.59269	4.98661
1.59974	5.0106
1.60679	5.03458
1.61384	5.05857
1.62089	5.08256
1.62793	5.10654
1.63498	5.13053
1.64203	5.15451
1.64908	5.1785
1.65613	5.20249
1.66317	5.22647
1.67022	5.25046
1.67727	5.27444
1.68432	5.29843
1.69137	5.32242
1.69841	5.3464
1.70546	5.37039
1.71251	5.39437
1.71956	5.41836
1.72661	5.44235
1.73366	5.46633
1.7407	5.49032
1.74775	5.5143
1.7548	5.53829
1.76185	5.56228
1.7689	5.58626
1.77594	5.61025
1.78299	5.63423
1.79004	5.65822
1.79709	5.68221
1.80414	5.70619
1.81118	5.73018
1.81823	5.75416
1.82528	5.77815
1.83233	5.80214
1.83938	5.82612
1.84642	5.85011
1.85347	5.87409
1.86052	5.89808
1.86757	5.92207
1.87462	5.94605
1.88166	5.97004
1.88871	5.99402
1.89576	5.9628
1.90281	5.93881
1.90986	5.91483
1.91691	5.89084
1.92395	5.86686
1.931	5.84287
1.93805	5.81888
1.9451	5.7949
1.95215	5.77091
1.95919	5.74693
1.96624	5.72294
1.97329	5.69895
1.98034	5.67497
1.98739	5.65098
1.99443	5.627
2.00148	5.60301
2.00853	5.57902
2.01558	5.55504
2.02263	5.53105
2.02967	5.50707
2.03672	5.48308
2.04377	5.45909
2.05082	5.43511
2.05787	5.41112
2.06491	5.38714
2.07196	5.36315
2.07901	5.33916
2.08606	5.31518
2.09311	5.29119
2.10015	5.26721
2.1072	5.24322
2.11425	5.21923
2.1213	5.19525
2.12835	5.17126
2.13539	5.14728
2.14244	5.12329
2.14949	5.0993
2.15654	5.07532
2.16359	5.05133
2.17063	5.02735
2.17768	5.00336
2.18473	4.97937
2.19178	4.95539
2.19883	4.9314
2.20588	4.90742
2.21292	4.88343
2.21997	4.85944
2.22702	4.83546
2.24504	4.81813
2.26305	4.80079
2.28106	4.78346
2.29908	4.76612
2.31709	4.74879
2.33511	4.73145
2.35312	4.71412
2.37113	4.69678
2.38915	4.67945
2.40716	4.66211
2.42518	4.64478
2.44319	4.62744
2.4612	4.61011
2.47922	4.59277
2.49723	4.57544
2.51525	4.5581
2.53326	4.54077
2.55127	4.52343
2.56929	4.5061
2.5873	4.48876
2.60532	4.47143
2.62333	4.45409
2.64134	4.43676
2.65936	4.41943
2.67737	4.40209
2.69539	4.38476
2.7134	4.36742
2.73141	4.35009
2.74943	4.33275
2.76744	4.31542
2.78546	4.29808
2.80347	4.28075
2.82148	4.26341
2.8395	4.24608
2.85751	4.22874
2.87553	4.21141
2.89354	4.19407
2.91156	4.17674
2.92957	4.1594
2.94758	4.14207
2.9656	4.12473
2.98361	4.1074
3.00163	4.09006
3.01964	4.07273
3.03765	4.05539
3.05567	4.03806
3.07368	4.02072
3.0917	4.00339
3.10971	3.98606
3.12772	3.96872
3.14574	3.95139
3.16375	3.93405
3.18177	3.91672
3.19978	3.89938
3.21779	3.88205
3.23581	3.86471
3.25382	3.84738
3.27184	3.83004
3.28985	3.81271
3.30786	3.79537
3.32588	3.77804
3.34389	3.7607
3.36191	3.74337
3.37992	3.72603
3.39793	3.7087
3.41595	3.69136
3.43396	3.67403
3.45198	3.65669
3.46999	3.63936
3.488	3.62202
3.50602	3.60469
3.52403	3.58735
3.54205	3.57002
3.56006	3.55269
3.57807	3.53535
3.59609	3.51802
3.6141	3.50068
3.63212	3.48335
3.65013	3.46601
3.66814	3.44868
3.68616	3.43134
3.70417	3.41401
3.72219	3.39667
3.7402	3.37934
3.75821	3.362
3.77623	3.34467
3.79424	3.32733
3.81226	3.31
3.83027	3.29266
3.84829	3.27533
3.8663	3.25799
3.88431	3.24066
3.90233	3.22332
3.92034	3.20599
3.93836	3.18865
3.95637	3.17132
3.97438	3.15398
3.9924	3.13665
3.97518	3.11931
3.95716	3.10198
3.93915	3.08465
3.92113	3.06731
3.90312	3.04998
3.88511	3.03264
3.86709	3.01531
3.84908	2.99797
3.83106	2.98064
3.81305	2.9633
3.79504	2.94597
3.77702	2.92863
3.75901	2.9113
3.74099	2.89396
3.72298	2.87663
3.70497	2.85929
3.68695	2.84196
3.66894	2.82462
3.65092	2.80729
3.63291	2.78995
3.6149	2.77262
3.59688	2.75528
3.57887	2.73795
3.56085	2.72061
3.54284	2.70328
3.52483	2.68594
3.50681	2.66861
3.4888	2.65128
3.47078	2.63394
3.45277	2.61661
3.43476	2.59927
3.41674	2.58194
3.39873	2.5646
3.38071	2.54727
3.3627	2.52993
3.34469	2.5126
3.32667	2.49526
3.30866	2.47793
3.29064	2.46059
3.27263	2.44326
3.25462	2.42592
3.2366	2.40859
3.21859	2.39125
3.20057	2.37392
3.18256	2.35658
3.16455	2.33925
3.14653	2.32191
3.12852	2.30458
3.1105	2.28724
3.09249	2.26991
3.07448	2.25257
3.05646	2.23524
3.03845	2.21791
3.02043	2.20057
3.00242	2.18324
2.98441	2.1659
2.96639	2.14857
2.94838	2.13123
2.93395	2.11735
1.0	2.0
2.91235	2.09656
2.89434	2.07923
2.87632	2.06189
2.85831	2.04456
2.8403	2.02722
2.82228	2.00989
2.80427	1.99256
2.78625	1.97522
2.76824	1.95789
2.75023	1.94055
2.73221	1.92322
2.7142	1.90588
2.69618	1.88855
2.67817	1.87121
2.66016	1.85388
2.64214	1.83654
2.62413	1.81921
2.60611	1.80187
2.5881	1.78454
2.57008	1.7672
2.55207	1.74987
2.53406	1.73253
2.51604	1.7152
2.49803	1.69786
2.48001	1.68053
2.462	1.66319
2.44399	1.64586
2.42597	1.62852
2.40796	1.61119
2.38994	1.59386
2.37193	1.57652
2.35392	1.55919
2.3359	1.54185
2.31789	1.52452
2.29987	1.50718
2.28186	1.48985
2.26385	1.47251
2.24583	1.45518
2.22782	1.43784
2.2098	1.42051
2.19179	1.40317
2.17378	1.38584
2.15576	1.3685
2.13775	1.35117
2.11973	1.33383
2.10172	1.3165
2.08371	1.29916
2.06569	1.28183
2.04768	1.26449
2.02966	1.24716
2.01165	1.22982
1.99364	1.21249
1.97562	1.19515
1.95761	1.17782
1.93959	1.16049
1.92158	1.14315
1.90357	1.12582
1.88555	1.10848
1.86754	1.09115
1.84952	1.07381
1.83151	1.05648
1.8135	1.03914
1.79548	1.02181
1.77747	1.00447
1.75945	0.987137
1.74144	0.969802
1.72343	0.952468
1.70541	0.935133
1.6874	0.917798
1.66938	0.900463
1.65137	0.883128
1.63336	0.865794
1.61534	0.848459
1.59733	0.831124
1.57931	0.813789
1.5613	0.796454
1.54329	0.77912
1.52527	0.761785
1.50726	0.74445
1.48924	0.727115
1.47123	0.70978
1.45321	0.692446
1.43521	0.675116
1.45984	0.679395
1.48447	0.683674
1.5091	0.687952
1.53374	0.692231
1.55837	0.69651
1.583	0.700789
1.60763	0.705068
1.63226	0.709347
1.65689	0.713625
1.68152	0.717904
1.70615	0.722183
1.73078	0.726462
1.75542	0.730741
1.78005	0.73502
1.80468	0.739298
1.82931	0.743577
1.85394	0.747856
1.87857	0.752135
1.9032	0.756414
1.92783	0.760693
1.95246	0.764971
1.9771	0.76925
2.00173	0.773529
2.02636	0.777808
2.05099	0.782087
2.07562	0.786365
2.10025	0.790644
2.12488	0.794923
2.14951	0.799202
2.17414	0.803481
2.19878	0.80776
2.22341	0.812038
2.24804	0.816317
2.27267	0.820596
2.2973	0.824875
2.32193	0.829154
2.34656	0.833433
2.37119	0.837711
2.39582	0.84199
2.42046	0.846269
2.44509	0.850548
2.46972	0.854827
2.49435	0.859106
2.51898	0.863384
2.54361	0.867663
2.56824	0.871942
2.59287	0.876221
2.6175	0.8805
2.64214	0.884779
2.66677	0.889057
2.6914	0.893336
2.71603	0.897615
2.74066	0.901894
2.76529	0.906173
2.78992	0.910452
2.81455	0.91473
2.83918	0.919009
2.86382	0.923288
2.88845	0.927567
2.91308	0.931846
2.93771	0.936125
2.96234	0.940403
2.98697	0.944682
3.0116	0.948961
3.03623	0.95324
3.06086	0.957519
3.0855	0.961798
3.11013	0.966076
3.13476	0.970355
3.15939	0.974634
3.18402	0.978913
3.20865	0.983192
3.23328	0.987471
3.25791	0.991749
3.28255	0.996028
3.30718	1.00031
3.33181	1.00459
3.35644	1.00886
3.38107	1.01314
3.4057	1.01742
3.43033	1.0217
3.45496	1.02598
3.47959	1.03026
3.50423	1.03454
3.52886	1.03882
3.55349	1.0431
3.57812	1.04737
3.60275	1.05165
3.62738	1.05593
3.65201	1.06021
3.67664	1.06449
3.70127	1.06877
3.72591	1.07305
3.75054	1.07733
3.77517	1.0816
3.7998	1.08588
3.82443	1.09016
3.84906	1.09444
3.87369	1.09872
3.89832	1.103
3.92295	1.10728
3.94759	1.11156
3.97222	1.11584
3.99685	1.12011
4.02148	1.12439
4.04611	1.12867
4.07074	1.13295
4.09537	1.13723
4.12	1.14151
4.14463	1.14579
4.16927	1.15007
4.1939	1.15435
4.21853	1.15862
4.24316	1.1629
4.26779	1.16718
4.29242	1.17146
4.31705	1.17574
4.34168	1.18002
4.36631	1.1843
4.39095	1.18858
4.41558	1.19285
4.43037	1.19542
4.44021	1.19713
4.46483	1.20141
4.48946	1.20569
4.51409	1.20997
4.53873	1.21425
4.56336	1.21853
4.58799	1.22281
4.61262	1.22708
4.63725	1.23136
4.66188	1.23564
4.68651	1.23992
4.71114	1.2442
4.73577	1.24848
4.76041	1.25276
4.78504	1.25704
4.80967	1.26131
4.8343	1.26559
4.85893	1.26987
4.88356	1.27415
4.90819	1.27843
4.93282	1.28271
4.95745	1.28699
4.98209	1.29127
5.00672	1.29555
5.03135	1.29982
5.05598	1.3041
5.08061	1.30838
5.10524	1.31266
5.12987	1.31694
5.1545	1.32122
5.17913	1.3255
5.20377	1.32978
5.2284	1.33405
5.25303	1.33833
5.27766	1.34261
5.30229	1.34689
5.32692	1.35117
5.35155	1.35545
5.37618	1.35973
5.40081	1.36401
5.42545	1.36829
5.45008	1.37256
5.47471	1.37684
5.49934	1.38112
5.52397	1.3854
5.5486	1.38968
5.57323	1.39396
5.59786	1.39824
5.6225	1.40252
5.64713	1.40679
5.67176	1.41107
5.69639	1.41535
5.72102	1.41963
5.74565	1.42391
5.77028	1.42819
5.79491	1.43247
5.81954	1.43675
5.84418	1.44103
5.86881	1.4453
5.89344	1.44958
5.91807	1.45386
5.9427	1.45814
5.96733	1.46242
5.99196	1.4667
6.01659	1.47098
6.04122	1.47526
6.06586	1.47954
6.09049	1.48381
6.11512	1.48809
6.13975	1.49237
6.16438	1.49665
6.18901	1.50093
6.21364	1.50521
6.23827	1.50949
6.2629	1.51377
6.28754	1.51804
6.31217	1.52232
6.3368	1.5266
6.36143	1.53088
6.38606	1.53516
6.41069	1.53944
6.43532	1.54372
6.45995	1.548
6.48459	1.55228
6.50922	1.55655
6.53385	1.56083
6.55848	1.56511
6.58311	1.56939
6.60774	1.57367
6.63237	1.57795
6.657	1.58223
6.68163	1.58651
6.70627	1.59078
6.7309	1.59506
6.75553	1.59934
6.78016	1.60362
6.80479	1.6079
6.82942	1.61218
6.85405	1.61646
6.87868	1.62074
6.90331	1.62502
6.92795	1.62929
6.95258	1.63357
6.97721	1.63785
7.00184	1.64213
7.02647	1.64641
7.0511	1.65069
7.07573	1.65497
7.10036	1.65925
7.125	1.66353
7.14963	1.6678
7.17426	1.67208
7.19889	1.67636
7.22352	1.68064
7.24815	1.68492
7.27278	1.6892
7.29741	1.69348
7.32204	1.69776
7.34667	1.70203
7.3347	1.68008
7.32273	1.65814
7.31075	1.63619
7.29878	1.61424
7.28681	1.5923
7.27484	1.57035
7.26286	1.5484
7.25089	1.52646
7.23892	1.50451
7.22695	1.48256
7.21498	1.46061
7.203	1.43867
7.19103	1.41672
7.17906	1.39477
7.16709	1.37283
7.15511	1.35088
7.14314	1.32893
7.13117	1.30699
7.1192	1.28504
7.10722	1.26309
7.09525	1.24115
7.08328	1.2192
7.07131	1.19725
7.05934	1.1753
7.04736	1.15336
7.03539	1.13141
7.02342	1.10946
7.01145	1.08752
6.99947	1.06557
6.9875	1.04362
6.97553	1.02168
6.96356	0.999729
6.95159	0.977782
6.93961	0.955835
6.92764	0.933888
6.91567	0.911941
6.9037	0.889995
6.89172	0.868048
6.87975	0.846101
6.86778	0.824154
6.85581	0.802207
6.84384	0.78026
6.83186	0.758313
6.81989	0.736366
6.80792	0.714419
6.79595	0.692472
6.78397	0.670525
6.772	0.648578
6.76003	0.626632
6.74806	0.604685
6.73609	0.582738
6.72411	0.560791
6.71214	0.538844
6.70017	0.516897
6.6882	0.49495
6.67622	0.473003
6.66425	0.451056
6.65228	0.429109
6.64031	0.407162
6.62833	0.385215
6.61636	0.363268
6.60439	0.341322
6.59242	0.319375
6.58045	0.297428
6.56847	0.275481
6.5565	0.253534
6.54453	0.231587
6.53256	0.20964
6.52058	0.187693
6.50861	0.165746
6.49664	0.143799
6.48467	0.121852
6.4727	0.0999054
6.46072	0.0779584
6.44875	0.0560115
6.43678	0.0340645
6.42481	0.0121176
6.41283	0.0273868
6.40086	0.0493338
6.38889	0.0712807
6.37692	0.0932276
6.36495	0.115175
6.35297	0.137122
6.341	0.159068
6.32903	0.181015
6.31706	0.202962
6.31226	0.211756
6.30509	0.224906
6.29311	0.246853
6.28114	0.2688
6.26917	0.290747
6.2572	0.312694
6.24522	0.334641
6.23325	0.356588
6.22128	0.378534
6.20931	0.400481
6.19734	0.422428
6.18536	0.444375
6.17339	0.466322
6.16142	0.488269
6.14945	0.510216
6.13747	0.532163
6.1255	0.55411
6.11353	0.576057
6.10156	0.598004
6.08959	0.619951
6.07761	0.641897
6.06564	0.663844
6.05367	0.685791
6.0417	0.707738
6.02972	0.729685
6.01775	0.751632
6.00578	0.773579
5.99381	0.795526
5.98183	0.817473
5.96986	0.83942
5.95789	0.861367
5.94592	0.883314
5.93395	0.90526
5.92197	0.927207
5.91	0.949154
5.89803	0.971101
5.88606	0.993048
5.87408	1.01499
5.86211	1.03694
5.85014	1.05889
5.83817	1.08084
5.8262	1.10278
5.81422	1.12473
5.80225	1.14668
5.79028	1.16862
5.77831	1.19057
5.76633	1.21252
5.75436	1.23446
5.74239	1.25641
5.73042	1.27836
5.71845	1.3003
5.70647	1.32225
5.6945	1.3442
5.68253	1.36615
5.67056	1.38809
5.65858	1.41004
5.64661	1.43199
5.63464	1.45393
5.62267	1.47588
5.6107	1.49783
5.59872	1.51977
5.58675	1.54172
5.57478	1.56367
5.56281	1.58561
5.55083	1.60756
5.53886	1.62951
5.52689	1.65146
5.51492	1.6734
5.50295	1.69535
5.49097	1.7173
5.479	1.73924
5.46703	1.76119
5.45506	1.78314
5.44308	1.80508
5.43111	1.82703
5.41914	1.84898
5.40717	1.87092
5.39519	1.89287
5.38322	1.91482
5.37125	1.93677
5.35928	1.95871
5.34731	1.98066
5.33533	2.00261
5.32336	2.02455
5.31139	2.0465
5.29942	2.06845
5.28744	2.09039
5.27547	2.11234
5.2635	2.13429
5.25153	2.15623
5.23956	2.17818
5.22758	2.20013
5.21561	2.22208
5.20364	2.24402
5.19167	2.26597
5.17969	2.28792
5.16772	2.30986
5.15575	2.33181
5.14378	2.35376
5.13181	2.3757
5.11983	2.39765
5.10786	2.4196
5.09589	2.44154
5.08392	2.46349
5.07194	2.48544
5.05997	2.50739
5.048	2.52933
5.03603	2.55128
5.02406	2.57323
5.01208	2.59517
5.00011	2.61712
4.98814	2.63907
4.97617	2.66101
4.96419	2.68296
4.95222	2.70491
4.94025	2.72685
4.92828	2.7488
4.9163	2.77075
4.90433	2.7927
4.89236	2.81464
4.88039	2.83659
4.86842	2.85854
1.0	2.0
1.0	2.0
1.0	2.0
1.0	2.0
1.0	2.0
4.84447	2.90243
4.8325	2.92438
1.0	2.0
1.0	2.0
4.82053	2.94632
4.80855	2.96827
4.79659	2.99021
4.78461	3.01216
4.77264	3.03411
4.76067	3.05605
4.7487	3.078
4.73672	3.09995
4.72475	3.12189
4.71278	3.14384
4.70081	3.16579
1.0	2.0
4.68883	3.18774
4.67686	3.20969
4.66489	3.23163
4.65292	3.25357
4.64094	3.27553
4.62897	3.29747
4.617	3.31942
4.60503	3.34137
4.59306	3.36331
4.58108	3.38526
4.56911	3.40721
4.55714	3.42915
4.54517	3.45109
4.5332	3.47304
4.52122	3.49499
4.50925	3.51694
4.49728	3.53889
4.48531	3.56083
4.47333	3.58278
4.45163	3.59519
4.42993	3.60761
4.40823	3.62002
4.38653	3.63243
4.36483	3.64484
4.34313	3.65726
4.32143	3.66967
4.29973	3.68208
4.27803	3.6945
4.25633	3.70691
4.23462	3.71932
4.21293	3.73173
1.0	2.0
4.22614	3.74415
4.24783	3.75656
4.26954	3.76898
4.29123	3.78139
4.31294	3.7938
4.33463	3.80621
4.35634	3.81863
4.37804	3.83104
4.39974	3.84345
4.42144	3.85587
4.44314	3.86828
4.46484	3.88069
4.48654	3.89311
4.50824	3.90552
4.52994	3.91793
4.55164	3.93035
4.57335	3.94276
4.59504	3.95517
4.61675	3.96759
4.63844	3.98
4.66015	3.99241
4.68184	4.00482
4.70355	4.01724
4.72524	4.02965
4.74695	4.04207
4.76865	4.05448
4.79034	4.06689
4.81205	4.0793
4.83375	4.09172
4.85545	4.10413
4.87715	4.11654
4.89885	4.12896
4.92055	4.14137
4.94225	4.15378
1.0	2.0
1.0	2.0
1.0	2.0
4.94225	4.15378
1.0	2.0
1.0	2.0
1.0	2.0
1.0	2.0
1.0	2.0
1.0	2.0
1.0	2.0
1.0	2.0
5.02905	4.20344
1.0	2.0
1.0	2.0
5.05076	4.21585
1.0	2.0
1.0	2.0
5.06746	4.22541
1.0	2.0
5.09415	4.24067
5.11586	4.25309
5.13756	4.2655
5.15926	4.27791
5.18096	4.29033
5.20266	4.30274
5.22436	4.31515
1.0	2.0
5.24606	4.32757
1.0	2.0
5.26776	4.33998
5.28946	4.35239
5.31116	4.36481
5.33286	4.37722
5.35456	4.38963
5.37626	4.40205
5.39796	4.41446
5.41966	4.42687
5.44136	4.43929
5.46307	4.4517
5.48477	4.46411
5.50647	4.47653
5.52817	4.48894
5.54987	4.50135
5.57157	4.51376
5.59327	4.52618
5.61497	4.53859
1.0	2.0
1.0	2.0
1.0	2.0
1.0	2.0
1.0	2.0
5.65837	4.56342
5.68007	4.57583
5.70177	4.58825
5.72347	4.60066
5.74517	4.61307
5.76687	4.62548
5.78857	4.6379
5.81028	4.65031
5.83197	4.66272
5.85368	4.67514
5.87537	4.68755
5.89708	4.69996
5.91877	4.71237
5.94048	4.72479
5.96217	4.7372
5.98388	4.74962
6.00558	4.76203
6.02728	4.77444
6.04898	4.78686
6.07068	4.79927
6.09238	4.81168
6.11408	4.82409
6.13578	4.83651
6.15748	4.84892
6.17918	4.86133
6.20088	4.87375
6.22258	4.88616
6.24428	4.89857
6.26598	4.91099
6.28768	4.9234
6.30939	4.93581
6.33109	4.94823
6.35279	4.96064
6.37449	4.97305
6.39619	4.98547
6.41789	4.99788
6.43959	5.01029
6.46129	5.0227
6.48299	5.03512
6.50469	5.04753
6.52639	5.05994
6.54809	5.07236
6.56979	5.08477
6.59149	5.09718
6.61319	5.1096
6.63489	5.12201
1.0	2.0
6.6566	5.13442
6.6783	5.14684
6.7	5.15925
6.7217	5.17166
6.7434	5.18408
6.7651	5.19649
6.7868	5.2089
6.8085	5.22132
6.8302	5.23373
6.8519	5.24614
6.8736	5.25855
6.8953	5.27097
6.917	5.28338
6.9387	5.29579
6.9604	5.30821
6.9821	5.32062
7.0038	5.33303
7.0255	5.34545
7.0472	5.35786
7.0689	5.37027
7.0906	5.38269
7.1123	5.3951
7.134	5.40751
7.1557	5.41992
7.17741	5.43234
7.19911	5.44475
7.22081	5.45716
7.24251	5.46958
7.26421	5.48199
7.28591	5.4944
7.30761	5.50682
7.32931	5.51923
7.35101	5.53164
7.37271	5.54406
7.39441	5.55647
7.41611	5.56888
7.43781	5.5813
7.45951	5.59371
7.48121	5.60612
7.50291	5.61854
7.52461	5.63095
7.54632	5.64336
7.56802	5.65578
7.58972	5.66819
7.61142	5.6806
7.63312	5.69302
7.65482	5.70543
7.67652	5.71784
7.69822	5.73025
7.71992	5.74267
7.74162	5.75508
7.76332	5.76749
7.78502	5.77991
7.80672	5.79232
7.82842	5.80473
7.85013	5.81715
7.87183	5.82956
7.89353	5.84197
7.91523	5.85439
7.93693	5.8668
7.95863	5.87921
7.98033	5.89163
8.00203	5.90404
8.02373	5.91645
8.04543	5.92887
8.06713	5.94128
8.08883	5.95369
8.11053	5.96611
8.13223	5.97852
8.15393	5.99093
8.17563	5.98672
8.19733	5.97431
8.1636	5.9619
8.1419	5.94948
8.1202	5.93707
8.09851	5.92466
8.07681	5.91225
8.05511	5.89983
8.03341	5.88742
8.0117	5.87501
7.99	5.86259
7.9683	5.85018
7.9466	5.83777
7.9249	5.82536
7.9032	5.81294
7.8815	5.80053
7.8598	5.78812
7.8381	5.7757
7.8164	5.76329
7.7947	5.75088
7.773	5.73846
7.7513	5.72605
7.7296	5.71364
7.70789	5.70122
7.68619	5.68881
7.66449	5.67639
7.64279	5.66398
7.62109	5.65157
7.59939	5.63916
7.57769	5.62674
7.55599	5.61433
7.53429	5.60192
7.51259	5.5895
7.49089	5.57709
7.46919	5.56468
7.44749	5.55226
7.42579	5.53985
7.40408	5.52744
7.38238	5.51502
7.36068	5.50261
7.33898	5.4902
7.31728	5.47778
7.29558	5.46537
7.27388	5.45296
7.25218	5.44054
7.23048	5.42813
7.20716	5.41913
7.18383	5.41013
7.16051	5.40112
7.13719	5.39212
7.11387	5.38312
7.09054	5.37411
7.06722	5.36511
7.0439	5.35611
7.02058	5.3471
6.99725	5.3381
6.97393	5.3291
6.95061	5.32009
6.92729	5.31109
6.90396	5.30209
6.88064	5.29308
6.85732	5.28408
6.834	5.27508
6.81068	5.26607
6.78735	5.25707
6.76403	5.24807
6.74071	5.23906
6.71739	5.23006
6.69406	5.22106
6.67074	5.21205
6.64741	5.20305
6.62409	5.19405
6.60077	5.18504
6.57745	5.17604
6.55412	5.16704
6.5308	5.15803
6.50749	5.14903
6.48416	5.14003
6.46084	5.13103
6.43752	5.12202
6.4142	5.11302
6.39087	5.10402
6.36755	5.09501
6.34423	5.08601
1.0	2.0
6.3209	5.07701
6.29758	5.068
6.27426	5.059
6.25093	5.05
6.22761	5.04099
6.20429	5.03199
6.18097	5.02299
6.15764	5.01398
6.13432	5.00498
6.111	4.99598
6.08768	4.98697
6.06435	4.97797
6.04103	4.96897
6.01771	4.95996
5.99439	4.95096
5.97106	4.94196
5.94774	4.93295
5.92442	4.92395
5.90109	4.91495
5.87778	4.90595
5.85445	4.89694
5.83113	4.88794
5.80781	4.87893
5.78448	4.86993
5.76116	4.86093
5.73784	4.85192
1.0	2.0
5.71451	4.84292
1.0	2.0
1.0	2.0
1.0	2.0
1.0	2.0
1.0	2.0
1.0	2.0
5.66787	4.82491
5.64454	4.81591
5.62123	4.80691
5.59791	4.79791
5.57458	4.7889
5.55126	4.7799
5.52793	4.77089
5.50462	4.76189
5.48129	4.75289
5.45796	4.74388
5.43465	4.73488
5.41132	4.72588
5.388	4.71688
5.36468	4.70787
5.34136	4.69887
5.31803	4.68987
5.29471	4.68086
5.27139	4.67186
5.24807	4.66286
5.22474	4.65385
5.20142	4.64485
5.1781	4.63585
5.15477	4.62684
5.13145	4.61784
5.10813	4.60884
5.08481	4.59983
5.06149	4.59083
5.03816	4.58183
5.01484	4.57283
4.99152	4.56382
4.96819	4.55482
4.94487	4.54581
4.92155	4.53681
4.89823	4.52781
4.8749	4.5188
4.85158	4.5098
4.82826	4.5008
4.80494	4.4918
4.78161	4.48279
4.7583	4.47379
4.73497	4.46478
4.71164	4.45578
4.68832	4.44678
4.665	4.43777
4.64168	4.42877
4.61835	4.41977
4.59504	4.41077
4.57171	4.40176
4.54839	4.39276
4.52507	4.38376
4.50174	4.37475
4.47842	4.36575
4.45509	4.35674
4.43177	4.34774
4.40845	4.33874
4.38513	4.32973
4.36181	4.32073
4.33848	4.31173
4.31517	4.30273
4.29184	4.29372
4.26852	4.28472
4.2452	4.27572
4.22187	4.26671
4.22011	4.25771
4.24343	4.24871
4.26675	4.2397
4.29008	4.2307
4.31339	4.2217
4.33672	4.21269
4.36004	4.20369
4.38337	4.19469
4.40669	4.18568
4.43001	4.17668
4.45334	4.16768
4.47665	4.15867
4.49998	4.14967
4.5233	4.14067
4.54662	4.13166
4.56994	4.12266
4.59327	4.11366
4.61659	4.10465
4.63991	4.09565
4.66324	4.08665
4.68656	4.07765
4.70988	4.06864
4.7332	4.05964
4.75653	4.05063
4.77985	4.04163
4.80317	4.03263
4.82649	4.02363
4.84982	4.01462
4.87314	4.00562
4.89646	3.99662
4.91979	3.98761
4.9431	3.97861
4.96643	3.9696
4.98975	3.9606
5.01308	3.9516
5.03639	3.9426
5.05972	3.93359
5.08304	3.92459
5.10637	3.91559
5.12968	3.90658
5.15301	3.89758
5.17633	3.88858
5.19966	3.87957
5.22297	3.87057
5.2463	3.86157
5.26963	3.85256
5.29294	3.84356
5.31627	3.83456
5.33959	3.82555
5.36291	3.81655
5.38623	3.80755
5.40956	3.79854
5.43288	3.78954
5.4562	3.78054
5.47953	3.77153
5.50285	3.76253
5.52617	3.75353
5.54949	3.74453
5.57282	3.73552
5.59613	3.72652
5.61946	3.71751
5.64279	3.70851
5.66611	3.69951
5.68943	3.6905
5.71275	3.6815
5.73608	3.6725
5.75939	3.6635
5.78272	3.65449
5.80604	3.64549
5.82936	3.63649
5.85268	3.62748
5.87601	3.61848
5.89933	3.60947
5.92265	3.60047
5.94598	3.59147
5.9693	3.58247
5.99262	3.57346
6.01595	3.56446
6.03926	3.55546
6.06259	3.54645
6.08591	3.53745
6.10923	3.52845
6.13255	3.51944
6.15588	3.51044
6.17921	3.50144
6.20252	3.49243
6.22585	3.48343
6.24917	3.47443
6.27249	3.46542
6.29581	3.45642
6.31914	3.44742
6.33781	3.44021
1.0	2.0
6.36578	3.42941
6.3891	3.42041
6.41243	3.4114
6.43575	3.4024
6.45907	3.3934
6.4824	3.38439
6.50572	3.37539
6.52904	3.36639
6.55236	3.35739
6.57569	3.34838
6.59901	3.33938
6.62233	3.33037
6.64565	3.32137
6.66897	3.31237
6.6923	3.30336
6.71562	3.29436
6.73894	3.28536
6.76226	3.27636
6.78559	3.26736
6.80148	3.28666
6.81737	3.30596
6.83325	3.32525
6.84915	3.34456
6.86504	3.36386
6.88093	3.38316
6.89682	3.40246
6.91271	3.42176
6.9286	3.44106
6.94449	3.46036
6.96038	3.47966
6.97627	3.49896
6.99216	3.51826
7.00805	3.53756
7.02394	3.55686
7.03983	3.57616
7.05572	3.59546
7.07161	3.61476
7.0875	3.63406
7.10339	3.65336
7.11928	3.67267
7.13517	3.69196
7.15106	3.71126
7.16695	3.73057
7.18284	3.74987
7.19873	3.76916
7.21462	3.78846
7.23051	3.80777
7.2464	3.82707
7.26229	3.84636
7.27818	3.86566
7.29407	3.88497
7.30996	3.90427
7.32586	3.92357
7.34174	3.94286
7.35763	3.96217
7.37352	3.98147
7.38942	4.00077
7.40531	4.02007
7.42119	4.03937
7.43708	4.05867
7.45298	4.07797
7.46887	4.09727
7.48475	4.11657
7.50064	4.13587
7.51654	4.15517
7.53243	4.17447
7.54832	4.19377
7.56421	4.21307
7.5801	4.23237
7.59599	4.25167
7.61188	4.27097
7.62777	4.29027
7.64366	4.30957
7.65955	4.32887
7.67544	4.34818
7.69133	4.36748
7.70722	4.38677
7.72311	4.40607
7.739	4.42538
7.75489	4.44468
7.77078	4.46397
7.78667	4.48327
7.80256	4.50258
7.81845	4.52188
7.83434	4.54117
7.85023	4.56048
7.86612	4.57978
7.88201	4.59908
7.8979	4.61838
7.91379	4.63768
7.92968	4.65698
7.94557	4.67628
7.96146	4.69558
7.97735	4.71488
7.99324	4.73418
8.00913	4.75348
8.02503	4.77278
8.04091	4.79208
8.0568	4.81138
1.0	2.0
8.07269	4.83068
8.08858	4.84998
8.10447	4.86928
8.12037	4.88858
8.13625	4.90788
8.15214	4.92718
8.16803	4.94648
8.18393	4.96578
8.19982	4.98509
8.17158	5.00438
8.15569	5.02368
1.0	2.0
8.1398	5.04298
8.12391	5.06228
8.10802	5.08158
8.09213	5.10089
8.07624	5.12018
8.06035	5.13948
8.04446	5.15879
8.02857	5.17809
8.01268	5.19739
7.99679	5.21668
7.9809	5.23599
7.96501	5.25529
7.94912	5.27459
7.93323	5.29388
7.91734	5.31319
7.90145	5.33249
7.88556	5.35179
7.86967	5.37109
7.85378	5.39039
7.83789	5.40969
7.822	5.42899
7.80611	5.44829
7.79022	5.46759
7.77433	5.48689
7.75844	5.50619
7.74254	5.52549
7.72666	5.54479
7.71077	5.56409
7.69488	5.58339
7.67898	5.60269
7.66309	5.62199
7.6472	5.6413
7.63132	5.66059
7.61543	5.67989
7.59953	5.69919
7.58364	5.7185
7.56776	5.73779
7.55186	5.75709
7.53597	5.7764
7.52008	5.7957
7.5042	5.81499
7.4883	5.83429
7.47241	5.8536
7.45652	5.8729
7.44063	5.8922
7.42474	5.91149
7.40885	5.9308
7.39296	5.9501
7.37707	5.9694
7.36118	5.9887
7.34529	5.97656
7.3294	5.95726
7.31351	5.93796
7.29762	5.91866
7.28173	5.89936
7.26584	5.88006
7.24995	5.86076
7.23406	5.84146
7.21817	5.82216
7.20228	5.80286
7.18639	5.78356
7.1705	5.76426
7.15461	5.74496
7.13872	5.72566
7.12283	5.70636
7.10694	5.68706
7.09105	5.66776
7.07516	5.64845
7.05927	5.62916
7.04338	5.60986
7.02749	5.59056
7.0116	5.57125
6.9957	5.55195
6.97982	5.53266
6.96393	5.51336
6.94803	5.49405
6.93214	5.47475
6.91626	5.45546
6.90037	5.43615
6.88447	5.41685
1.0	2.0
6.86859	5.39755
6.8527	5.37826
6.83681	5.35895
6.82091	5.33965
6.80502	5.32035
6.78914	5.30105
6.77325	5.28175
6.75735	5.26245
6.74146	5.24315
6.72557	5.22385
6.70968	5.20455
6.69379	5.18525
6.6779	5.16595
6.66201	5.14665
6.65247	5.13505
6.64612	5.12735
6.63023	5.10805
6.61434	5.08875
6.59845	5.06945
6.58256	5.05015
6.56667	5.03085
6.55078	5.01155
6.53489	4.99225
6.519	4.97294
6.50311	4.95364
6.48722	4.93435
6.47133	4.91505
6.45544	4.89574
6.43955	4.87644
6.42366	4.85715
6.40777	4.83784
6.39188	4.81854
6.37599	4.79925
6.3601	4.77994
6.34421	4.76064
6.32832	4.74134
6.31243	4.72204
6.29654	4.70274
6.28065	4.68344
6.26476	4.66414
6.24887	4.64484
6.23298	4.62554
6.21709	4.60624
6.2012	4.58694
6.18531	4.56764
6.16942	4.54834
6.15353	4.52904
6.13764	4.50974
6.12175	4.49044
6.10586	4.47114
6.08997	4.45184
6.07408	4.43254
6.05819	4.41324
6.04229	4.39394
6.0264	4.37464
6.01051	4.35534
5.99462	4.33604
5.97873	4.31674
5.96284	4.29743
5.94695	4.27813
5.93106	4.25883
5.91517	4.23953
5.89928	4.22023
5.88339	4.20093
5.8675	4.18163
5.85161	4.16233
5.83572	4.14303
5.81983	4.12373
5.80394	4.10443
5.78806	4.08514
5.79606	4.10883
5.80406	4.13251
5.81206	4.1562
5.82006	4.17988
5.82806	4.20357
5.83607	4.22725
5.84406	4.25093
5.85207	4.27462
5.86007	4.2983
5.86807	4.32199
5.87607	4.34567
5.88407	4.36936
5.89207	4.39304
5.90008	4.41673
5.90808	4.44041
5.91608	4.4641
5.92408	4.48778
5.93208	4.51147
5.94009	4.53515
5.94809	4.55884
5.95609	4.58252
5.96409	4.60621
5.97209	4.6299
5.98009	4.65358
5.9881	4.67727
5.9961	4.70095
6.0041	4.72463
6.0121	4.74831
6.0201	4.772
6.0281	4.79568
6.0361	4.81937
6.04411	4.84306
6.05211	4.86674
6.06011	4.89043
6.06811	4.91411
6.07611	4.9378
6.08411	4.96148
6.09212	4.98517
6.10012	5.00885
6.10812	5.03254
6.11612	5.05622
6.12412	5.07991
6.13212	5.10359
6.14013	5.12728
6.14813	5.15096
6.15613	5.17465
6.16413	5.19833
6.17213	5.22202
6.18013	5.2457
6.18814	5.26939
6.19614	5.29307
6.20414	5.31676
6.21214	5.34044
6.22014	5.36413
6.22814	5.38781
6.23615	5.4115
6.24415	5.43518
6.25215	5.45887
6.26015	5.48255
6.26815	5.50624
6.27615	5.52992
6.28415	5.5536
6.29215	5.57729
6.30016	5.60097
6.30816	5.62466
6.31616	5.64834
6.32416	5.67203
6.33216	5.69571
6.34016	5.7194
6.34817	5.74308
6.35617	5.76677
6.36417	5.79045
6.37217	5.81414
6.38017	5.83782
6.38817	5.86151
6.39618	5.88519
6.40418	5.90888
6.41218	5.93256
6.42018	5.95625
1.0	2.0
6.42818	5.97993
6.43618	5.97743
6.44419	5.95375
6.45219	5.93006
6.46019	5.90638
6.46819	5.8827
6.47619	5.85901
6.48419	5.83533
6.49219	5.81164
6.5002	5.78795
6.5082	5.76427
6.5162	5.74058
6.5242	5.7169
6.5322	5.69321
6.5402	5.66953
6.54821	5.64585
6.55621	5.62216
6.56421	5.59848
6.57221	5.57479
6.58021	5.55111
6.58821	5.52742
6.59621	5.50374
6.60422	5.48005
6.61222	5.45637
6.62022	5.43268
6.62822	5.409
6.63622	5.38531
6.64423	5.36162
6.65223	5.33794
6.66023	5.31426
6.66823	5.29057
6.67623	5.26689
6.68423	5.24321
6.69223	5.21952
6.70024	5.19583
6.70824	5.17215
6.71624	5.14846
6.72424	5.12478
6.73224	5.10109
6.74024	5.07741
6.74824	5.05372
6.75625	5.03004
6.76425	5.00635
6.77225	4.98267
6.78025	4.95898
6.78825	4.9353
6.79625	4.91161
6.80426	4.88793
6.81226	4.86424
6.82026	4.84056
6.82826	4.81687
6.83626	4.79319
6.84426	4.7695
6.85227	4.74582
6.86027	4.72213
6.86827	4.69845
6.87627	4.67476
6.88427	4.65108
6.89227	4.62739
6.90028	4.60371
6.90828	4.58002
6.91628	4.55634
6.92428	4.53265
6.93228	4.50897
6.94028	4.48528
6.94829	4.4616
6.95629	4.43791
6.96429	4.41423
6.97229	4.39054
6.98029	4.36686
6.98829	4.34317
6.9915	4.33368
6.99629	4.31949
7.0043	4.29581
7.0123	4.27212
7.0203	4.24844
7.0283	4.22475
7.0363	4.20107
7.0443	4.17738
7.05231	4.1537
7.06031	4.13001
7.06831	4.10633
7.07631	4.08264
7.08431	4.05896
7.09231	4.03527
7.10031	4.01159
7.10832	3.9879
7.11632	3.96422
7.12432	3.94053
7.13232	3.91685
7.14032	3.89316
7.14833	3.86948
7.15633	3.84579
7.16433	3.82211
7.17233	3.79842
7.18033	3.77474
7.18833	3.75105
7.19633	3.72737
7.20434	3.70368
7.21234	3.68
7.22034	3.65631
7.22834	3.63263
7.23634	3.60894
7.24434	3.58526
7.25235	3.56157
7.26035	3.53789
7.26835	3.5142
7.27635	3.49052
7.28435	3.46683
7.29235	3.44315
7.30036	3.41946
7.30836	3.39578
7.31636	3.37209
7.32436	3.34841
7.33236	3.32472
7.34036	3.30104
7.34837	3.27735
7.35637	3.25367
7.36437	3.22998
7.37237	3.2063
7.38037	3.18262
7.38837	3.15893
7.39637	3.13525
7.40437	3.11157
7.41238	3.08788
7.42038	3.0642
7.42838	3.04051
7.43638	3.01682
7.44438	2.99313
1.0	2.0
7.45238	2.96945
7.46039	2.94577
1.0	2.0
7.46839	2.92208
7.47639	2.8984
7.48439	2.87471
1.0	2.0
7.49239	2.85103
7.50039	2.82734
1.0	2.0
7.5084	2.80366
7.5164	2.77998
7.5244	2.75629
7.5324	2.7326
7.5404	2.70892
7.5484	2.68523
7.5564	2.66155
7.56441	2.63786
7.57241	2.61418
7.58041	2.59049
7.58841	2.56681
7.59641	2.54312
7.60441	2.51944
7.61242	2.49575
7.62042	2.47206
7.62842	2.44838
7.63642	2.4247
7.64442	2.40102
7.65242	2.37733
7.66042	2.35365
7.66843	2.32996
7.67643	2.30628
7.68443	2.28259
7.69243	2.25891
7.70043	2.23522
7.70844	2.21153
7.71627	2.18779
7.7241	2.16405
7.73193	2.14031
7.73976	2.11657
7.74759	2.09282
7.75542	2.06909
7.76325	2.04534
7.77108	2.0216
7.77892	1.99786
7.78675	1.97411
7.79458	1.95038
7.80241	1.92663
7.81024	1.90289
7.81807	1.87915
7.8259	1.85541
7.83373	1.83166
7.84156	1.80793
7.8494	1.78418
7.85723	1.76045
7.86506	1.7367
7.87289	1.71296
7.88072	1.68921
7.88855	1.66547
7.89638	1.64173
7.90421	1.61799
7.91205	1.59425
7.91988	1.57051
7.92771	1.54676
7.93554	1.52303
7.94337	1.49928
7.9512	1.47554
7.95903	1.4518
7.96687	1.42805
7.9747	1.40432
7.98253	1.38057
7.99036	1.35683
7.99819	1.33309
8.00602	1.30935
8.01385	1.2856
8.02168	1.26186
8.02951	1.23813
8.03734	1.21438
8.04518	1.19064
8.05301	1.16689
8.06084	1.14315
8.06867	1.11942
8.0765	1.09567
8.08433	1.07193
8.09216	1.04818
8.09999	1.02445
8.10783	1.00071
8.11566	0.976962
8.12349	0.953218
8.13132	0.929474
8.13915	0.905739
8.14698	0.881995
8.15481	0.858252
8.16265	0.834508
8.17047	0.810773
8.17831	0.787029
8.18614	0.763285
8.19397	0.739542
8.19194	0.715806
8.1841	0.692063
8.17627	0.668321
8.16844	0.644577
8.16061	0.620833
8.15278	0.59709
8.14495	0.573354
8.13712	0.549611
8.12928	0.525867
8.12145	0.502123
8.11362	0.478388
8.10579	0.454644
8.09796	0.430901
8.09013	0.407157
8.0823	0.383413
8.07447	0.359678
8.06664	0.335934
8.0588	0.312191
8.05097	0.288447
8.04314	0.264712
8.03531	0.24097
8.02748	0.217226
8.01965	0.193482
8.01182	0.169739
8.00399	0.146003
7.99616	0.12226
7.98832	0.0985159
7.98049	0.0747722
7.97266	0.0510285
7.96483	0.0272933
7.957	0.00354956
7.94917	0.0391876
7.94134	0.0629313
7.93351	0.0866665
7.92567	0.11041
7.91784	0.134154
7.91001	0.157898
7.90218	0.181641
7.89435	0.205377
7.88652	0.22912
7.87869	0.252864
7.87085	0.276608
7.86303	0.300343
7.85519	0.324087
7.84736	0.34783
7.83953	0.371574
7.8317	0.395309
7.82387	0.419053
7.81604	0.442797
7.80821	0.466541
7.80037	0.490284
7.79254	0.514019
7.78471	0.537763
7.77688	0.561509
7.76905	0.585244
7.76122	0.608988
7.75339	0.632732
7.74556	0.656476
7.73773	0.680211
7.7299	0.703954
7.72206	0.727698
7.71423	0.751442
7.7064	0.775184
7.69857	0.798927
7.69074	0.822663
7.68291	0.846406
7.67508	0.87015
7.66724	0.893894
7.65941	0.917629
7.65158	0.941373
7.64375	0.965116
7.63592	0.98886
7.62809	1.0126
7.62026	1.03634
7.61243	1.06008
7.60459	1.08383
7.59676	1.10757
7.58893	1.13131
7.5811	1.15505
7.57327	1.17879
7.56544	1.20254
7.55761	1.22627
7.54978	1.25002
7.54195	1.27376
7.53411	1.2975
7.52628	1.32125
7.51845	1.34498
7.51062	1.36873
7.50279	1.39247
7.49496	1.41621
7.48713	1.43995
7.4793	1.46369
7.47146	1.48744
7.46363	1.51118
7.4558	1.53492
7.44797	1.55866
7.44014	1.5824
7.43231	1.60615
7.42448	1.62989
7.41665	1.65362
7.40882	1.67737
7.40098	1.70111
7.39315	1.72486
7.38532	1.74859
7.37749	1.77233
7.36966	1.79608
7.36183	1.81982
7.354	1.84357
7.34617	1.8673
7.33833	1.89104
7.3305	1.91479
7.32267	1.93853
7.31484	1.96227
7.30701	1.98601
7.29918	2.00975
7.29135	2.0335
7.28351	2.05724
7.27568	2.08098
7.26785	2.10472
7.26002	2.12846
7.25219	2.15221
7.24436	2.17595
7.23653	2.19969
7.2287	2.22343
7.22087	2.24717
7.21303	2.27092
7.20521	2.29465
7.19737	2.3184
1.0	2.0
7.18954	2.34214
7.18171	2.36588
1.0	2.0
1.0	2.0
1.0	2.0
1.0	2.0
1.0	2.0
1.0	2.0
1.0	2.0
1.0	2.0
1.0	2.0
1.0	2.0
1.0	2.0
1.0	2.0
1.0	2.0
7.18171	2.36588
7.15039	2.46085
7.14256	2.48459
7.13472	2.50833
7.12689	2.53208
7.11906	2.55581
7.11123	2.57956
7.1034	2.6033
7.09557	2.62704
7.08774	2.65079
7.07991	2.67452
7.07207	2.69827
7.06424	2.72201
7.05641	2.74575
7.04858	2.76949
7.04075	2.79324
7.03292	2.81697
7.02509	2.84072
7.01726	2.86445
7.00942	2.8882
7.00159	2.91195
6.99376	2.93568
6.98593	2.95943
6.9781	2.98317
6.97027	3.00691
6.96244	3.03065
6.95461	3.05439
6.94677	3.07814
6.93894	3.10187
6.93111	3.12562
6.92328	3.14936
6.91545	3.1731
6.90762	3.19685
6.89979	3.22058
6.89196	3.24433
6.88413	3.26807
6.87629	3.29181
6.86846	3.31555
6.86063	3.3393
6.8528	3.36303
6.84497	3.38678
6.83714	3.41052
6.82931	3.43426
6.82147	3.45801
6.81365	3.48174
6.80582	3.50548
6.83032	3.50054
6.85483	3.49559
6.87933	3.49064
6.90384	3.48569
6.92834	3.48075
6.95285	3.4758
6.97736	3.47085
7.00186	3.46591
7.02637	3.46096
7.05087	3.45601
7.07538	3.45107
7.09988	3.44612
7.12439	3.44117
7.1489	3.43623
7.17341	3.43128
7.19791	3.42633
7.22241	3.42139
7.24692	3.41644
7.27142	3.41149
7.29593	3.40655
7.32043	3.4016
7.34494	3.39665
7.36945	3.39171
7.39395	3.38676
7.41846	3.38181
7.44297	3.37687
7.46748	3.37192
7.49198	3.36697
7.51649	3.36203
7.54099	3.35708
7.5655	3.35213
7.59001	3.34718
7.6145	3.34224
7.63901	3.33729
7.66352	3.33234
7.68802	3.3274
7.71253	3.32245
7.73703	3.31751
7.76154	3.31256
7.78604	3.30761
7.81055	3.30266
7.83505	3.29772
7.85956	3.29277
7.88407	3.28782
7.90858	3.28288
7.93308	3.27793
7.95759	3.27298
7.9821	3.26804
8.0066	3.26309
8.03111	3.25814
8.05561	3.2532
8.08011	3.24825
8.10462	3.2433
8.12913	3.23836
8.15363	3.23341
8.17814	3.22846
8.17775	3.22352
8.15325	3.21857
8.12874	3.21362
8.10424	3.20868
8.07973	3.20373
8.05522	3.19878
8.03072	3.19384
8.00621	3.18889
7.98171	3.18394
7.9572	3.17899
7.9327	3.17405
7.90819	3.1691
7.88369	3.16416
7.85917	3.15921
7.83467	3.15426
7.81017	3.14931
7.78566	3.14437
7.76116	3.13942
7.73665	3.13447
7.71215	3.12953
7.68764	3.12458
7.66313	3.11963
7.63863	3.11469
7.61412	3.10974
7.58961	3.10479
7.56511	3.09985
7.5406	3.0949
7.5161	3.08995
7.49159	3.08501
7.46708	3.08006
7.44258	3.07511
7.41807	3.07017
7.39357	3.06522
7.36906	3.06027
7.34455	3.05533
7.32005	3.05038
7.29554	3.04543
7.27104	3.04049
7.24653	3.03554
7.22203	3.03059
7.19752	3.02565
7.17301	3.0207
7.14851	3.01575
7.124	3.0108
7.0995	3.00586
7.07499	3.00091
7.05049	2.99597
7.02598	2.99102
7.00148	2.98607
6.97697	2.98112
6.95246	2.97618
6.92796	2.97123
6.90346	2.96628
6.87895	2.96134
6.85444	2.95639
6.82993	2.95144
6.80543	2.9465
6.78093	2.94155
6.75642	2.9366
6.73191	2.93166
6.70741	2.92671
6.6829	2.92176
6.6584	2.91682
6.63389	2.91187
6.60938	2.90692
6.58488	2.90198
6.56038	2.89703
6.53587	2.89208
6.51136	2.88714
6.48686	2.88219
6.46235	2.87724
6.43785	2.8723
6.41334	2.86735
6.38884	2.8624
6.36433	2.85746
6.33982	2.85251
6.31532	2.84756
6.29081	2.84261
6.26631	2.83767
6.2418	2.83272
6.21729	2.82777
6.19279	2.82283
6.16829	2.81788
6.14378	2.81293
6.11927	2.80799
6.09476	2.80304
6.07026	2.79809
6.04576	2.79315
6.02125	2.7882
5.99674	2.78325
5.97224	2.77831
5.94773	2.77336
5.92323	2.76841
5.89872	2.76347
5.87421	2.75852
5.84971	2.75357
5.82521	2.74863
5.8007	2.74368
5.77619	2.73873
5.75168	2.73379
5.72718	2.72884
5.70268	2.72389
5.67817	2.71895
5.65366	2.714
5.62915	2.70905
5.60466	2.70411
5.58015	2.69916
5.55564	2.69421
5.53113	2.68926
5.50663	2.68432
5.48213	2.67937
5.45762	2.67443
5.43311	2.66948
5.4086	2.66453
5.3841	2.65958
5.3596	2.65464
5.33509	2.64969
5.31058	2.64474
5.28607	2.6398
5.26158	2.63485
5.23707	2.6299
5.21256	2.62496
5.18805	2.62001
5.16355	2.61506
5.13905	2.61012
5.11454	2.60517
5.09003	2.60022
5.06553	2.59528
5.04102	2.59033
5.01652	2.58538
4.99201	2.58044
4.9675	2.57549
4.943	2.57054
4.9185	2.5656
4.89399	2.56065
4.86948	2.5557
4.84497	2.55076
4.82047	2.54581
4.79597	2.54086
4.77146	2.53592
4.74695	2.53097
4.72244	2.52602
4.69794	2.52108
4.67344	2.51613
4.64893	2.51118
4.62442	2.50623
4.59991	2.50129
4.57542	2.49634
4.55091	2.49139
4.5264	2.48645
1.0	2.0
4.50189	2.4815
4.47739	2.47655
4.45289	2.47161
4.42838	2.46666
4.40387	2.46171
4.37937	2.45677
4.35486	2.45182
4.33036	2.44687
4.30585	2.44193
4.28134	2.43698
4.25683	2.43203
4.23234	2.42709
4.20783	2.42214
4.23628	2.41719
4.26079	2.41225
4.2853	2.4073
4.3098	2.40235
4.3343	2.39741
4.35881	2.39246
4.38332	2.38751
4.40782	2.38257
4.43233	2.37762
4.45683	2.37267
4.48134	2.36772
4.50584	2.36278
4.53035	2.35783
4.55486	2.35288
4.57936	2.34794
4.60387	2.34299
4.62837	2.33804
4.65288	2.3331
4.67739	2.32815
4.70189	2.3232
4.72639	2.31826
4.7167	2.3413
4.707	2.36435
4.69731	2.3874
4.68761	2.41044
4.67792	2.43349
4.66823	2.45652
4.65853	2.47957
4.64884	2.50262
4.63914	2.52566
4.62945	2.5487
4.61976	2.57174
4.61006	2.59479
4.60037	2.61784
4.59067	2.64087
4.58098	2.66392
4.57129	2.68697
4.56159	2.71001
4.5519	2.73306
4.5422	2.7561
4.53251	2.77914
4.52281	2.80219
4.51312	2.82523
4.50343	2.84827
4.49373	2.87132
4.48404	2.89436
4.47434	2.91741
4.46465	2.94045
4.45496	2.96349
4.44526	2.98654
4.43557	3.00958
4.42587	3.03262
4.41618	3.05567
4.40649	3.07871
4.39679	3.10176
4.3871	3.1248
4.3774	3.14785
4.36771	3.17089
4.35802	3.19393
4.34832	3.21698
4.33863	3.24002
4.32893	3.26307
4.31924	3.28611
4.30954	3.30915
4.29985	3.33219
4.29209	3.35065
4.28046	3.37829
4.27077	3.40133
4.26107	3.42438
4.25138	3.44742
4.24169	3.47046
4.23199	3.4935
4.2223	3.51655
4.2126	3.53959
4.20291	3.56264
4.21454	3.58568
4.22423	3.60872
4.23393	3.63177
4.24362	3.65482
4.25331	3.67785
4.26301	3.7009
4.2727	3.72395
4.2824	3.74699
4.29209	3.77003
4.30179	3.79308
4.31148	3.81612
4.32117	3.83917
4.33087	3.86221
4.34056	3.88525
4.35026	3.9083
4.35995	3.93134
4.36965	3.95439
4.37934	3.97743
4.38903	4.00047
1.0	2.0
4.39873	4.02352
1.0	2.0
1.0	2.0
1.0	2.0
1.0	2.0
1.0	2.0
1.0	2.0
4.41811	4.0696
4.42781	4.09265
4.4375	4.11569
4.4472	4.13874
4.45689	4.16178
4.46658	4.18482
4.47628	4.20787
4.48597	4.23091
4.49567	4.25396
4.50536	4.277
4.51506	4.30005
4.52475	4.32309
4.53444	4.34613
4.54414	4.36918
4.55383	4.39222
4.56353	4.41526
4.57322	4.4383
4.58291	4.46135
4.59261	4.4844
4.6023	4.50744
4.612	4.53049
4.62169	4.55353
4.63139	4.57657
4.64108	4.59961
4.65077	4.62266
4.66047	4.6457
4.67016	4.66875
4.67986	4.6918
4.68955	4.71484
4.69924	4.73788
4.70894	4.76092
4.71863	4.78397
4.72832	4.80701
4.73802	4.83006
4.74771	4.8531
4.75741	4.87614
4.7671	4.89918
4.7768	4.92223
4.78649	4.94528
4.79618	4.96832
4.80588	4.99137
4.81557	5.01441
4.82527	5.03745
4.83496	5.06049
4.84465	5.08354
4.85435	5.10658
4.86404	5.12963
4.87374	5.15267
4.88343	5.17572
4.89312	5.19876
4.90282	5.2218
4.91251	5.24485
4.92221	5.26789
4.9319	5.29094
4.94159	5.31398
4.95129	5.33702
4.96098	5.36006
4.97068	5.38311
4.98037	5.40615
4.99007	5.4292
4.99976	5.45225
5.00945	5.47529
5.01915	5.49833
5.02884	5.52137
5.03854	5.54442
5.04823	5.56746
5.05792	5.59051
5.06762	5.61355
5.07731	5.63659
5.08701	5.65964
5.0967	5.68268
5.10639	5.70573
5.11609	5.72877
5.12578	5.75181
5.13548	5.77486
5.14517	5.7979
5.15487	5.82095
5.16456	5.84399
5.17425	5.86704
5.18395	5.89008
5.19364	5.91312
5.20333	5.93616
5.21303	5.95921
5.22272	5.98225
5.23242	5.97627
5.24211	5.95322
5.25181	5.93018
5.2615	5.90713
5.27119	5.88409
5.28089	5.86105
5.29058	5.838
5.30028	5.81496
5.30997	5.79191
5.31966	5.76887
5.32936	5.74582
5.33905	5.72279
5.34875	5.69974
5.35844	5.6767
5.36813	5.65365
5.37783	5.63061
5.38752	5.60756
5.39722	5.58452
5.40691	5.56148
5.41661	5.53843
5.4263	5.51539
5.43599	5.49234
5.44569	5.4693
5.45538	5.44626
5.46508	5.42321
5.47477	5.40017
5.48446	5.37712
5.49416	5.35408
5.50385	5.33104
5.51354	5.308
5.52324	5.28495
5.53294	5.2619
5.54263	5.23886
5.55232	5.21581
5.56202	5.19277
5.57171	5.16973
5.5814	5.14669
5.5911	5.12364
5.60079	5.1006
5.61049	5.07755
5.62018	5.05451
5.62987	5.03146
5.63957	5.00842
5.64926	4.98538
5.65896	4.96233
5.66865	4.93929
5.67835	4.91624
5.68804	4.8932
5.69773	4.87016
5.70743	4.84711
5.71712	4.82407
5.72682	4.80102
5.73651	4.77798
5.7462	4.75493
5.7559	4.7319
5.76559	4.70885
5.77528	4.68581
5.78498	4.66276
5.79468	4.63971
5.80437	4.61667
5.81406	4.59363
5.82376	4.57059
5.83345	4.54754
5.84314	4.5245
5.85284	4.50145
5.86253	4.47841
5.87223	4.45536
5.88192	4.43232
5.89161	4.40928
5.90131	4.38623
5.911	4.36319
5.9207	4.34014
5.93039	4.3171
5.94009	4.29405
5.94978	4.27102
5.95947	4.24797
5.96917	4.22493
5.97886	4.20188
5.98855	4.17884
5.99825	4.15579
6.00794	4.13275
5.99908	4.10937
5.99021	4.08599
5.98135	4.06262
5.97249	4.03924
5.96363	4.01587
5.95476	3.99249
5.9459	3.96912
5.93704	3.94574
5.92817	3.92236
5.92285	3.90832
5.91931	3.89898
5.91045	3.87561
5.90159	3.85223
5.89273	3.82886
5.88386	3.80548
5.875	3.78211
5.86614	3.75873
5.85727	3.73535
5.84841	3.71198
5.83955	3.6886
5.83069	3.66522
5.82182	3.64184
5.81296	3.61847
5.8041	3.59509
5.79524	3.57172
5.78637	3.54834
5.77751	3.52496
5.76865	3.50159
5.75978	3.47821
5.75092	3.45484
5.74206	3.43146
5.7332	3.40809
5.72433	3.38471
5.71547	3.36133
5.70661	3.33796
5.69774	3.31458
5.68888	3.29121
5.68002	3.26783
5.67116	3.24445
5.66229	3.22107
5.65343	3.19769
5.64457	3.17432
5.63571	3.15094
5.62684	3.12757
5.61798	3.10419
5.60912	3.08082
5.60025	3.05744
5.59139	3.03406
5.58253	3.01069
5.57367	2.98731
5.5648	2.96393
5.55594	2.94056
5.54708	2.91718
5.53822	2.8938
5.52935	2.87043
5.52049	2.84705
5.51163	2.82368
5.50277	2.8003
5.4939	2.77692
5.48504	2.75354
5.47618	2.73017
5.46731	2.7068
5.45845	2.68342
5.44959	2.66004
5.44072	2.63666
5.43186	2.61329
5.423	2.58991
5.41414	2.56653
5.40527	2.54316
5.39641	2.51978
5.38755	2.49641
5.37869	2.47303
5.36982	2.44965
5.36096	2.42628
5.3521	2.4029
5.34324	2.37953
5.33437	2.35615
5.32551	2.33277
5.31665	2.30939
5.30779	2.28602
5.29892	2.26264
5.29006	2.23927
5.2812	2.21589
5.27234	2.19252
5.26347	2.16914
5.25461	2.14576
5.24575	2.12238
5.23688	2.09901
5.22802	2.07564
5.21916	2.05226
5.21029	2.02888
5.20143	2.0055
5.19257	1.98213
5.18371	1.95875
5.17484	1.93537
5.16598	1.912
5.15712	1.88862
5.14826	1.86525
5.13939	1.84187
5.13053	1.81849
5.12167	1.79511
5.11281	1.77174
5.10394	1.74837
5.09508	1.72499
5.08622	1.70161
5.07736	1.67824
5.06849	1.65486
5.05963	1.63149
5.05077	1.60811
5.0419	1.58473
5.03304	1.56135
5.02418	1.53798
5.01532	1.5146
5.00645	1.49122
4.99759	1.46785
4.98873	1.44448
4.97986	1.4211
4.971	1.39772
4.96214	1.37434
4.95327	1.35096
4.94441	1.32759
4.93555	1.30422
4.92669	1.28084
4.91782	1.25746
4.90896	1.23409
4.9001	1.21071
4.89124	1.18733
4.88237	1.16396
4.87351	1.14058
4.86465	1.1172
4.85579	1.09383
4.84692	1.07045
4.83806	1.04707
4.8292	1.0237
4.82034	1.00033
4.81147	0.976948
4.80261	0.953569
4.79375	0.930191
4.78489	0.906821
4.77602	0.883443
4.76716	0.860065
4.7583	0.836687
4.74943	0.813309
4.74057	0.789939
1.0	2.0
4.73171	0.766563
4.72285	0.743185
4.71398	0.719807
4.70512	0.696429
4.69626	0.67305
4.6874	0.64968
4.67853	0.626302
4.66967	0.602926
4.66081	0.579548
4.65194	0.556169
4.64308	0.5328
4.63422	0.509421
4.62535	0.486043
4.61649	0.462665
4.60763	0.439295
4.59877	0.415917
4.5899	0.392538
4.58104	0.36916
4.57218	0.345782
4.56332	0.322412
4.55445	0.299034
4.54559	0.275656
4.53673	0.252277
4.52787	0.228908
4.519	0.205529
4.51014	0.182151
4.50128	0.158773
4.49241	0.135396
4.48355	0.112027
4.47469	0.0886483
4.46583	0.06527
4.45696	0.0418918
4.4481	0.0185135
4.43924	0.0235574
4.43038	0.0469356
4.42151	0.0703139
4.41265	0.0936921
4.40379	0.117062
4.39492	0.14044
4.38606	0.163818
4.3772	0.187197
4.36834	0.210567
4.35947	0.233945
4.35061	0.257323
4.34175	0.280701
4.33288	0.30408
4.32402	0.327449
4.31516	0.350828
4.3063	0.374206
4.29743	0.397584
4.28857	0.420954
4.27971	0.444332
4.27085	0.467711
4.26198	0.491089
4.25312	0.514459
4.24426	0.537837
4.2354	0.561215
4.22653	0.584593
4.21767	0.607972
4.20881	0.631341
4.20715	0.65472
4.21601	0.678098
4.22487	0.701476
4.23373	0.724846
4.2426	0.748224
4.25146	0.771603
4.26032	0.794981
4.26918	0.818351
4.27805	0.841729
4.28691	0.865107
4.29577	0.888485
4.29933	0.897853
4.30464	0.911859
4.3135	0.935238
4.32236	0.958616
4.33122	0.981986
4.34009	1.00536
4.34895	1.02874
4.35781	1.05212
4.36667	1.07549
4.37554	1.09887
4.3844	1.12225
4.39326	1.14562
4.40213	1.169
4.41099	1.19237
4.41985	1.21575
4.42871	1.23913
4.43758	1.26251
4.44644	1.28588
4.4553	1.30926
4.46416	1.33263
4.47303	1.35601
4.48189	1.37939
4.49075	1.40277
4.49961	1.42614
4.50848	1.44951
4.51734	1.47289
4.52621	1.49626
4.54404	1.47875
4.56188	1.46123
4.57972	1.44372
4.59757	1.4262
4.61541	1.40869
4.63324	1.39118
4.65108	1.37366
4.66892	1.35615
4.68677	1.33863
4.7046	1.32112
4.72244	1.30361
4.74028	1.28609
4.75812	1.26858
4.77596	1.25106
4.7938	1.23355
4.81164	1.21604
4.82948	1.19852
4.84732	1.18101
4.86516	1.16349
4.883	1.14598
4.90084	1.12847
4.91868	1.11095
4.93652	1.09344
4.95436	1.07593
4.9722	1.05841
4.99004	1.04089
5.00788	1.02338
5.02572	1.00586
5.04356	0.988355
5.0614	0.970839
5.07924	0.953324
5.09708	0.935808
5.11492	0.918299
5.13276	0.900784
5.1506	0.883268
5.16844	0.865753
5.18628	0.848237
5.20412	0.830728
5.22196	0.813213
5.2398	0.795697
5.25764	0.778182
5.27547	0.760673
5.29331	0.743157
5.31116	0.725642
5.329	0.708126
5.34684	0.690611
5.36467	0.673101
5.38251	0.655586
5.40036	0.63807
5.4182	0.620555
5.43603	0.603046
5.45387	0.58553
5.47171	0.568015
5.48956	0.550499
5.5074	0.532985
5.52523	0.515476
5.54307	0.49796
5.56091	0.480445
5.57875	0.462929
5.5966	0.445414
5.61443	0.427905
5.63227	0.410389
5.65011	0.392874
5.66795	0.375358
5.68579	0.357849
5.70363	0.340333
5.72147	0.322818
5.73931	0.305302
5.75715	0.287793
5.77499	0.270278
5.79283	0.252762
5.81067	0.235247
5.82851	0.217731
5.84635	0.200222
5.86419	0.182707
5.88203	0.165191
5.89987	0.147676
5.91771	0.130166
5.93555	0.112651
5.95339	0.0951354
5.97123	0.0776199
5.98906	0.0601107
6.00691	0.0425952
6.02475	0.0250797
6.04259	0.00756418
6.06043	0.0239626
6.07826	0.0414718
6.09611	0.0589873
6.11395	0.0765028
6.13179	0.0940183
6.14962	0.111527
6.16746	0.129043
6.18531	0.146559
6.20315	0.164074
6.22099	0.18159
6.23882	0.199099
6.25666	0.216614
6.2745	0.23413
6.29235	0.251645
6.31018	0.269154
6.32802	0.28667
6.34586	0.304185
6.3637	0.321701
6.38154	0.33921
6.39938	0.356726
6.41722	0.374241
6.43506	0.391757
6.4529	0.409272
6.47074	0.426781
6.48858	0.444295
6.50642	0.461811
6.52426	0.479326
6.5421	0.496842
6.55994	0.514351
6.57778	0.531866
6.59562	0.549382
6.61346	0.566897
6.6313	0.584413
6.64914	0.601922
6.66698	0.619438
6.68482	0.636953
6.70266	0.654469
6.7205	0.671978
6.73834	0.689493
6.75618	0.707009
6.77402	0.724524
6.79185	0.742033
6.8097	0.759549
6.82754	0.777064
6.84538	0.79458
6.86322	0.812095
6.88105	0.829605
6.8989	0.84712
6.91674	0.864636
6.93458	0.882151
6.95242	0.899665
6.97025	0.917174
6.98809	0.93469
7.00593	0.952205
7.02378	0.969721
7.04162	0.987236
7.05945	1.00475
7.07729	1.02226
7.09513	1.03978
7.11298	1.05729
7.13081	1.0748
7.14865	1.09232
7.16649	1.10983
7.18433	1.12735
7.20217	1.14486
7.22001	1.16237
7.23785	1.17989
7.25569	1.1974
7.27353	1.21492
7.29137	1.23243
7.30921	1.24994
7.32705	1.26746
7.34489	1.28497
7.36273	1.30248
7.38057	1.32
7.39841	1.33751
7.41625	1.35503
7.43409	1.37255
7.45193	1.39005
7.46977	1.40757
7.48761	1.42509
7.50545	1.4426
7.52329	1.46011
7.54113	1.47763
7.55897	1.49514
7.57681	1.51266
7.59464	1.53017
7.61249	1.54768
7.63033	1.5652
7.64817	1.58271
7.66601	1.60023
7.68385	1.61774
7.70168	1.63525
7.71953	1.65277
7.73737	1.67028
7.7552	1.68779
7.77304	1.70531
7.79089	1.72282
7.80873	1.74034
7.82656	1.75785
7.8444	1.77536
7.86224	1.79288
7.88009	1.8104
7.89793	1.82791
7.91576	1.84542
7.9336	1.86294
7.95144	1.88045
7.96928	1.89797
7.98712	1.91548
8.00496	1.93299
8.0228	1.95051
8.04064	1.96802
8.05848	1.98554
8.07632	2.00305
1.0	2.0
8.09416	2.02057
8.112	2.03808
8.12984	2.05559
8.14768	2.07311
8.16552	2.09062
1.0	2.0
8.18336	2.10813
8.18453	2.12565
8.16669	2.14316
8.14885	2.16067
8.13101	2.17819
8.11317	2.19571
8.09533	2.21322
8.07749	2.23073
8.05965	2.24824
8.04181	2.26576
8.02397	2.28327
8.00613	2.30079
7.98829	2.3183
7.97045	2.33581
7.95261	2.35333
7.93477	2.37085
7.91693	2.38836
7.89909	2.40587
7.88125	2.42339
7.86341	2.4409
7.84557	2.45842
7.82773	2.47593
7.80989	2.49344
7.79205	2.51096
7.77421	2.52847
7.75638	2.54598
7.73854	2.5635
7.72069	2.58101
7.70285	2.59853
7.68501	2.61604
7.66717	2.63356
7.64934	2.65107
7.6315	2.66858
7.61365	2.6861
7.59581	2.70361
7.57798	2.72112
7.5977	2.70575
7.61741	2.69038
7.63713	2.675
