44.9998 90.0001
38.9308 93.4879
38.8671 93.5244
38.3239 93.8366
37.7169 94.1854
37.11 94.5342
36.5031 94.883
35.8962 95.2317
35.2893 95.5806
34.6824 95.9293
34.0755 96.2781
33.4685 96.6269
32.8616 96.9757
32.2547 97.3245
31.6478 97.6732
31.0408 98.022
30.4339 98.3708
29.827 98.7196
29.2201 99.0684
28.6132 99.4172
28.0062 99.7659
27.3993 100.115
26.7924 100.463
26.1855 100.812
25.5786 101.161
24.9717 101.51
24.3648 101.859
23.7578 102.207
23.1509 102.556
22.544 102.905
21.9371 103.254
21.3301 103.603
20.7232 103.951
20.1163 104.3
19.5094 104.649
18.9025 104.998
18.2956 105.346
17.6887 105.695
17.0817 106.044
16.4748 106.393
15.8679 106.742
15.2609 107.09
14.654 107.439
14.0471 107.788
13.9256 107.858
13.4402 108.137
12.8333 108.486
12.2264 108.834
11.6194 109.183
11.0125 109.532
10.4056 109.881
9.79868 110.229
9.19178 110.578
8.58487 110.927
7.97791 111.276
7.37101 111.625
6.7641 111.973
6.1572 112.322
5.55024 112.671
4.94334 113.02
4.33643 113.368
3.72949 113.717
3.12258 114.066
2.51568 114.415
1.90872 114.764
1.57453 114.52
1.44482 113.832
1.3151 113.144
1.18537 112.456
1.05566 111.768
0.925944 111.081
0.796229 110.393
0.666502 109.705
0.536787 109.017
0.407072 108.329
0.277357 107.641
0.14763 106.953
0.017915 106.265
-0.1118 105.578
-0.241515 104.89
-0.371235 104.202
-0.500962 103.514
-0.630677 102.826
-0.760392 102.138
-0.890107 101.45
-1.01983 100.762
-1.14955 100.075
-1.27926 99.3867
-1.40898 98.6989
-1.53871 98.0109
-1.66842 97.3231
-1.79814 96.6352
-1.92786 95.9473
-2.05758 95.2594
-2.18729 94.5716
-2.31701 93.8837
-2.36892 93.6084
-2.44673 93.1958
-2.57644 92.508
-2.70617 91.8201
-2.83588 91.1322
-2.9656 90.4443
-3.09531 89.7565
-3.22504 89.0686
-3.35476 88.3807
-3.48447 87.6928
-3.6142 87.0049
-3.74391 86.3171
-3.87363 85.6292
-4.00334 84.9413
-4.13307 84.2534
-4.26278 83.5656
-4.3925 82.8777
-4.52222 82.1898
-4.65194 81.5019
-4.78165 80.8141
-4.91137 80.1262
-5.0411 79.4383
-5.17081 78.7504
-5.30053 78.0626
-5.43025 77.3747
-5.55997 76.6868
-5.68968 75.9989
-5.8194 75.3111
-5.94912 74.6232
-6.07884 73.9353
-6.20855 73.2474
-6.33828 72.5595
-6.46799 71.8717
-6.59771 71.1838
-6.72742 70.4959
-6.85715 69.808
-6.98686 69.1202
-7.11658 68.4323
-7.24631 67.7444
-7.37602 67.0565
-7.50573 66.3687
-7.51691 65.7792
-6.81687 65.7799
-6.11689 65.7806
-5.41691 65.7813
-4.71686 65.782
-4.01688 65.7827
-3.3169 65.7834
-2.61686 65.7841
-1.91688 65.7848
-1.2169 65.7855
-0.516914 65.7862
-0.0967466 65.7866
0.18312 65.7869
0.883101 65.7876
1.58308 65.7883
2.28313 65.789
2.98311 65.7897
3.68309 65.7904
4.38313 65.7911
5.08311 65.7918
5.78309 65.7925
6.48308 65.7932
7.18312 65.7939
7.8831 65.7946
8.58308 65.7953
9.28313 65.796
9.98311 65.7967
10.6831 65.7974
11.3831 65.7981
12.0831 65.7988
12.7831 65.7995
13.4831 65.8002
14.1831 65.8009
14.8831 65.8016
15.5831 65.8023
16.2831 65.803
16.9831 65.8037
17.6831 65.8044
18.3831 65.8051
19.0831 65.8058
19.7831 65.8065
20.4831 65.8072
21.1831 65.8079
21.8831 65.8086
22.5831 65.8093
23.2831 65.81
23.9831 65.8107
24.6831 65.8114
25.3831 65.8121
26.0831 65.8128
26.7831 65.8135
27.4831 65.8142
28.1831 65.8149
28.8831 65.8156
29.5831 65.8163
30.2831 65.817
30.9831 65.8177
31.6831 65.8184
32.3831 65.8191
33.0831 65.8198
33.7831 65.8205
34.4831 65.8212
35.1831 65.8219
35.7432 65.8225
35.8831 65.8226
36.5831 65.8233
37.2831 65.824
37.9831 65.8247
38.6831 65.8254
39.3831 65.8261
40.0831 65.8268
40.7831 65.8275
41.4831 65.8282
42.1831 65.8289
42.2214 66.3023
41.9951 66.9647
41.7688 67.6271
41.5425 68.2895
41.3162 68.9519
41.0899 69.6143
40.8636 70.2767
40.6373 70.9392
40.411 71.6016
40.1847 72.264
39.9584 72.9264
39.7321 73.5888
39.5058 74.2512
39.2795 74.9136
39.0532 75.576
38.8269 76.2384
38.6006 76.9008
38.3743 77.5632
38.1479 78.2257
37.9216 78.8881
37.6954 79.5505
37.4691 80.2129
37.2427 80.8753
37.0164 81.5377
36.7901 82.2001
36.5638 82.8625
36.3375 83.5249
36.1112 84.1873
35.8849 84.8497
35.6586 85.5122
35.4323 86.1746
35.206 86.837
34.9797 87.4994
34.7534 88.1618
34.5271 88.8242
34.3008 89.4866
34.0745 90.1491
33.8482 90.8114
33.6219 91.4738
33.3956 92.1362
33.1693 92.7987
32.943 93.4611
32.9396 93.4711
32.7167 94.1235
32.4904 94.7859
32.2641 95.4483
32.0378 96.1107
31.8115 96.7731
31.5852 97.4355
31.3589 98.098
31.1326 98.7604
30.9063 99.4228
30.68 100.085
30.4537 100.748
30.2274 101.41
30.0011 102.072
29.7748 102.735
29.5484 103.397
29.3221 104.06
29.0959 104.722
28.8695 105.384
28.6432 106.047
28.4169 106.709
28.1906 107.372
27.9643 108.034
27.738 108.697
27.5117 109.359
27.2854 110.021
27.0591 110.684
26.8328 111.346
26.6065 112.009
26.3802 112.671
26.3395 113.303
26.7624 113.861
27.1854 114.419
27.6083 114.977
28.0313 115.535
28.4542 116.092
28.8772 116.65
29.3002 117.208
29.7231 117.766
30.1461 118.323
30.569 118.881
30.992 119.439
31.415 119.997
31.8379 120.554
32.2609 121.112
32.6839 121.67
33.1068 122.228
33.5297 122.786
33.9527 123.343
34.3757 123.901
34.7986 124.459
35.2216 125.017
35.3063 125.128
35.6445 125.574
36.0675 126.132
36.4905 126.69
36.9134 127.248
37.3364 127.805
37.7594 128.363
38.1823 128.921
38.6053 129.479
39.0282 130.037
39.4512 130.594
39.8741 131.152
40.2971 131.71
40.7201 132.268
40.6047 131.677
40.4466 130.995
40.2885 130.313
40.1304 129.631
39.9723 128.949
39.8143 128.267
39.6562 127.585
39.4981 126.903
39.34 126.222
39.1819 125.54
39.0238 124.858
38.8657 124.176
38.7076 123.494
38.5495 122.812
38.3914 122.13
38.2333 121.448
38.0753 120.766
37.9172 120.084
37.7591 119.402
37.601 118.721
37.4429 118.039
37.2848 117.357
37.1267 116.675
36.9686 115.993
36.8105 115.311
36.6524 114.629
36.4943 113.947
36.3362 113.265
36.1782 112.583
36.0201 111.901
35.862 111.219
35.7039 110.538
35.5458 109.856
35.3877 109.174
35.2296 108.492
35.0715 107.81
34.9134 107.128
35.3928 107.359
35.6271 107.513
35.9783 107.743
36.5638 108.127
37.1493 108.51
37.7348 108.894
38.3204 109.277
38.9059 109.661
39.4914 110.045
40.0769 110.428
40.6625 110.812
41.248 111.196
41.8335 111.579
42.419 111.963
43.0046 112.346
43.5901 112.73
44.1756 113.114
44.7612 113.497
45.3467 113.881
45.9322 114.265
46.5177 114.648
47.1033 115.032
47.6888 115.415
48.2743 115.799
48.8598 116.183
49.4453 116.566
50.0309 116.95
50.6164 117.333
51.2019 117.717
51.7874 118.101
52.373 118.484
52.9585 118.868
53.544 119.252
54.1295 119.635
54.715 120.019
55.3006 120.402
55.8861 120.786
56.4716 121.17
57.0571 121.553
57.6427 121.937
58.2282 122.32
58.8137 122.704
59.3992 123.088
59.9847 123.471
60.5703 123.855
61.1558 124.239
61.7413 124.622
62.3268 125.006
62.586 124.411
62.8239 123.753
63.0619 123.094
63.2998 122.436
63.5378 121.778
63.6806 121.383
63.7757 121.119
64.0137 120.461
64.2516 119.803
64.4896 119.144
64.7275 118.486
64.9655 117.828
65.2034 117.169
65.4414 116.511
65.6793 115.853
65.9173 115.194
66.1552 114.536
66.3932 113.878
66.6311 113.22
66.8691 112.561
67.107 111.903
67.345 111.245
67.583 110.586
67.8209 109.928
68.0589 109.27
68.3119 109.17
68.585 109.814
68.8581 110.459
69.1312 111.103
69.4043 111.748
69.6774 112.392
69.9505 113.037
70.2236 113.681
70.4967 114.326
70.7698 114.97
71.0429 115.615
71.3161 116.26
71.5892 116.904
71.8623 117.549
72.1354 118.193
72.4085 118.838
72.6816 119.482
72.9547 120.127
73.2278 120.771
73.4382 121.228
73.2697 120.548
73.1011 119.869
72.9326 119.19
72.764 118.51
72.5955 117.831
72.427 117.151
72.2584 116.472
72.0899 115.793
71.9214 115.113
71.7528 114.434
71.5843 113.754
71.4158 113.075
71.2809 112.531
71.2472 112.395
71.0787 111.716
70.9101 111.037
70.7416 110.357
70.5731 109.678
70.4045 108.998
70.236 108.319
70.0674 107.64
69.8989 106.96
69.7304 106.281
69.5618 105.601
69.3933 104.922
69.2248 104.243
69.0562 103.563
68.8877 102.884
68.7191 102.204
68.5506 101.525
68.3821 100.846
68.2135 100.166
68.045 99.4867
67.8765 98.8073
67.7079 98.1279
67.5394 97.4485
67.3709 96.7691
67.2023 96.0897
67.0338 95.4103
66.8652 94.7309
66.6967 94.0515
66.5282 93.372
66.3596 92.6926
66.1911 92.0132
66.0225 91.3338
65.854 90.6544
65.6855 89.975
65.5169 89.2956
65.3484 88.6162
65.1799 87.9368
65.0113 87.2574
64.8428 86.578
64.6742 85.8986
64.2789 86.4763
63.8835 87.0539
63.4881 87.6316
63.0928 88.2092
62.6974 88.7869
62.302 89.3645
61.9067 89.9422
61.5113 90.5198
61.1159 91.0975
60.7206 91.6751
60.3252 92.2528
59.9298 92.8305
59.9239 92.8392
59.5345 93.4081
59.1391 93.9858
58.7437 94.5634
58.3484 95.1411
57.953 95.7187
57.5576 96.2964
57.1623 96.874
56.7669 97.4517
56.3715 98.0294
55.9761 98.607
55.5808 99.1847
55.1854 99.7623
54.79 100.34
54.3947 100.918
53.9993 101.495
53.6039 102.073
53.2086 102.651
52.8132 103.228
52.4178 103.806
52.0225 104.384
51.6271 104.961
51.2318 105.539
50.8364 106.117
50.441 106.694
50.0457 107.272
49.6503 107.849
49.2549 108.427
48.8596 109.005
48.4642 109.582
48.0688 110.16
47.6735 110.738
47.2781 111.315
46.8827 111.893
46.4873 112.471
46.092 113.048
45.6966 113.626
45.3012 114.204
44.9059 114.781
44.5105 115.359
44.1151 115.937
43.7198 116.514
43.3244 117.092
42.929 117.67
42.5337 118.247
42.1383 118.825
41.7429 119.403
41.3476 119.98
40.9522 120.558
40.5568 121.136
40.1615 121.713
39.7661 122.291
39.6869 122.406
39.3707 122.868
38.9754 123.446
38.58 124.024
38.1846 124.601
37.7893 125.179
37.3939 125.757
36.9985 126.334
36.6032 126.912
36.1149 127.401
35.5571 127.824
34.9992 128.247
34.4413 128.67
33.8835 129.093
33.3256 129.516
32.7678 129.938
32.2099 130.361
31.6521 130.784
31.0942 131.207
30.5364 131.63
29.9785 132.053
29.4207 132.475
28.8628 132.898
28.305 133.321
27.7471 133.744
27.1893 134.167
26.6314 134.59
26.0736 135.012
25.5157 135.435
24.9578 135.858
24.4 136.281
23.8421 136.704
23.2843 137.127
22.7264 137.55
22.1686 137.972
21.6107 138.395
21.0529 138.818
20.495 139.241
19.9372 139.664
19.3793 140.087
18.8215 140.509
18.2636 140.932
17.7058 141.355
17.1479 141.778
16.59 142.201
16.0322 142.624
15.4743 143.047
14.9165 143.469
14.3586 143.892
13.8008 144.315
13.2429 144.738
12.6851 145.161
12.4618 145.33
12.1272 145.584
11.5605 145.988
10.8785 146.146
10.1967 146.304
9.51483 146.462
8.83295 146.62
8.15107 146.779
7.46913 146.937
6.78724 147.095
6.10536 147.253
5.42348 147.412
4.74164 147.57
4.05975 147.728
3.37787 147.886
2.69599 148.045
2.01411 148.203
1.33223 148.361
0.650348 148.519
-0.0315336 148.677
-0.713415 148.836
-1.3953 148.994
-2.07718 149.152
-2.75906 149.31
-3.44094 149.469
-4.12282 149.627
-4.8047 149.785
-5.48658 149.943
-6.16847 150.101
-6.84999 150.213
-7.52935 150.044
-8.20872 149.876
-8.88808 149.707
-9.56745 149.538
-10.2468 149.369
-10.9262 149.201
-11.6056 149.032
-12.285 148.863
-12.9643 148.695
-13.6437 148.526
-14.323 148.357
-15.0024 148.189
-15.6818 148.02
-16.3611 147.851
-17.0405 147.682
-17.7198 147.514
-18.3992 147.345
-19.0786 147.176
-19.758 147.008
-20.3634 147.039
-20.7698 147.609
-21.1762 148.179
-21.4202 148.521
-21.5826 148.749
-21.9891 149.319
-22.3955 149.889
-22.8019 150.459
-23.2083 151.028
-23.6147 151.598
-24.0212 152.168
-24.4276 152.738
-24.834 153.308
-25.2404 153.878
-25.6468 154.448
-26.0533 155.018
-26.4597 155.588
-26.8661 156.158
-27.2725 156.728
-27.679 157.298
-28.0854 157.868
-28.4918 158.438
-28.8982 159.008
-29.3046 159.577
-29.7111 160.147
-30.1175 160.717
-30.5239 161.287
-30.9303 161.857
-31.3368 162.427
-31.7432 162.997
-32.1496 163.567
-32.556 164.137
-32.9624 164.707
-33.3688 165.277
-33.7753 165.847
-34.1817 166.417
-34.5881 166.987
-34.9945 167.557
-35.401 168.126
-35.8074 168.696
-36.2138 169.266
-36.6202 169.836
-37.0266 170.406
-37.4331 170.976
