2.5e-05 -69.1144
0.120007274 -68.6014
0.120191548 -68.6014
0.120251822 -68.6014
0.120338096 -68.6014
0.12057837 -68.6014
0.120638644 -68.6014
1.000006644 -68.2507
1.010493922 -68.4893
1.0105862 -68.4893
1.0106732 -68.4893
1.010765478 -68.4893
1.010915478 -68.4893
1.010979756 -68.4896
1.011050756 -68.4896
1.011214756 -68.4896
1.011307034 -68.4896
1.011394034 -68.4896
1.011486312 -68.4896
1.011681312 -68.4896
1.01178159 -68.4896
1.01185659 -68.4896
1.012044868 -68.4896
1.100000868 -68.1195
1.101524147 -68.2729
1.101692426 -68.2729
1.200007426 -67.6998
1.201530706 -67.6794
1.201698986 -67.6794
1.300004986 -67.4191
1.301528267 -67.9318
1.301696548 -67.9318
1.400002548 -67.9695
1.401525829 -68.328
1.40169411 -68.328
1.50000011 -68.0099
1.501523392 -68.245
1.501691674 -68.245
1.600006674 -68.5121
1.601529957 -68.5656
1.60169824 -68.5656
1.70000424 -68.6121
1.701527524 -68.6551
1.701695808 -68.6551
1.800001808 -68.2599
1.801525094 -68.2988
1.80169338 -68.2988
1.90000838 -68.6963
1.901531667 -68.6776
1.901699954 -68.6776
2.000005954 -69.0425
2.001529242 -69.1658
2.00169753 -69.1658
2.10000353 -69.3201
2.101526819 -69.3399
2.101695108 -69.3399
2.200001108 -69.8576
2.201524399 -69.6174
2.201773399 -69.6174
2.20194169 -69.6174
2.30000469 -69.687
2.301527982 -69.4124
2.301696274 -69.4124
2.400002274 -69.4352
2.401525567 -69.2667
2.40169386 -69.2667
2.50000886 -69.3539
2.501532155 -68.7629
2.50170045 -68.7629
2.60000645 -68.5833
2.601529746 -68.3693
2.601698042 -68.3693
2.700004042 -68.0219
2.70152734 -68.3621
2.701695638 -68.3621
2.800001638 -68.2632
2.801524937 -68.1588
2.801693236 -68.1588
2.900008236 -67.8818
2.901531537 -67.473
2.901755838 -67.473
3.000007838 -68.0169
3.001531141 -67.7457
3.001699444 -67.7457
3.100005444 -67.8947
3.101528748 -68.23
3.101697052 -68.23
3.200003052 -67.408
3.201526358 -67.2714
3.201694664 -67.2714
3.300000664 -68.4502
3.301523972 -68.3396
3.30169228 -68.3396
3.40000728 -68.8548
3.40153059 -68.7884
3.4016989 -68.7884
3.5000049 -69.0519
3.501528212 -68.8893
3.501696524 -68.8893
3.600002524 -69.1206
3.601525838 -68.5977
3.601694152 -68.5977
3.700000152 -68.2057
3.701523468 -68.4934
3.701691784 -68.4934
3.800006784 -68.0437
3.801530102 -68.6429
3.80169842 -68.6429
3.90000442 -68.2954
3.90152774 -67.5996
3.90169606 -67.5996
4.00000206 -67.5111
4.001525382 -67.7408
4.001693704 -67.7408
4.100008704 -68.5793
4.101532028 -69.1405
4.101700352 -69.1405
4.200006352 -68.7437
4.201529676 -68.9529
4.201698 -68.9529
4.300004 -67.8522
4.30152732 -67.7023
4.30169564 -67.7023
4.40000164 -69.4919
4.401524957 -69.6226
4.401693274 -69.6226
4.500008274 -68.7699
4.501531587 -69.1441
4.5016999 -69.1441
4.6000059 -68.9298
4.601529209 -69.1496
4.601697518 -69.1496
4.700003518 -67.9298
4.701526824 -67.9474
4.70169513 -67.9474
4.80000113 -67.6206
4.801524432 -67.5495
4.802252734 -67.3199
4.900004734 -67.4726
4.901528032 -67.4425
4.90169633 -67.4425
5.00000233 -67.7031
5.001525625 -67.5548
5.001693919 -67.5548
5.100008919 -68.2183
5.10153221 -68.1959
5.101700501 -68.1959
5.120025 -68.1581
5.200002 -67.9022
5.201525287 -68.4599
5.201693574 -68.4599
5.300008574 -66.7379
5.301531858 -66.6896
5.301700141 -66.6896
5.400006141 -67.889
5.401529421 -67.8897
5.401697701 -67.8897
5.500003701 -68.4584
5.501526977 -68.4618
5.501695253 -68.4618
5.600001253 -68.2181
5.601524526 -68.1666
5.601692799 -68.1666
5.700007799 -68.1681
5.701531068 -68.3682
5.701699337 -68.3682
5.800005337 -67.7499
5.801528602 -67.7506
5.801696867 -67.7506
5.900002867 -68.0684
5.901526129 -67.9642
5.901694391 -67.9642
6.000000391 -68.4758
6.001523649 -68.473
6.001691907 -68.473
6.100006907 -68.0986
6.101530162 -68.0835
6.101698417 -68.0835
6.200004417 -67.7301
6.201527668 -67.6158
6.201695919 -67.6158
6.300001919 -67.6221
6.301525167 -67.6923
6.301693415 -67.6923
6.400008415 -67.9034
6.401531659 -67.812
6.401699903 -67.812
6.500005903 -67.5676
6.501529144 -67.4988
6.501697385 -67.4988
6.600003385 -67.2469
6.601526622 -67.1778
6.601694859 -67.1778
6.700000859 -67.1633
6.701524093 -67.1018
6.702028327 -67.1014
6.800005327 -67.3716
6.801528557 -67.4274
6.801696787 -67.4274
6.900002787 -67.3096
6.901526014 -67.1652
6.901694241 -67.1652
7.000000241 -66.8095
7.001523464 -66.6732
7.001691687 -66.6732
7.100006687 -66.7991
7.101529907 -66.8
7.101698127 -66.8
7.200004127 -67.0775
7.201527344 -67.0267
7.201695561 -67.0267
7.300001561 -66.356
7.301524774 -66.2479
7.301692987 -66.2479
7.400007987 -65.9258
7.401531197 -65.9453
7.401699407 -65.9453
7.500005407 -66.5597
7.501528614 -66.7287
7.501696821 -66.7287
7.600002821 -65.5928
7.601526024 -65.5468
7.601694227 -65.5468
7.700000227 -65.9312
7.701523427 -65.8404
7.701691627 -65.8404
7.800006627 -66.1957
7.801529824 -66.1971
7.801698021 -66.1971
7.900004021 -65.1795
7.901527215 -65.1339
7.901695409 -65.1339
8.000001409 -66.1571
8.001524599 -66.2409
8.001692789 -66.2409
8.100007789 -65.9087
8.101530976 -64.9087
8.101699163 -64.9087
8.200005163 -64.9294
8.201528347 -65.0066
8.201696531 -65.0066
8.300002531 -66.32
8.301525712 -66.3417
8.301693893 -66.3417
8.400008893 -64.9351
8.401532072 -64.8656
8.401700251 -64.8656
8.500006251 -64.2893
8.501529429 -64.3037
8.501697607 -64.3037
8.600003607 -64.324
8.601526784 -64.3332
8.601806961 -64.3332
8.700004961 -64.9779
8.701528137 -64.9675
8.701696313 -64.9675
8.800002313 -65.779
8.801525488 -65.7983
8.801693663 -65.7983
8.900008663 -64.0556
8.901531838 -63.2165
8.901700013 -63.2165
9.000006013 -63.4338
9.001529187 -63.0856
9.001697361 -63.0856
9.100003361 -65.4243
9.101526534 -65.4594
9.101694707 -65.4594
9.200000707 -65.0337
9.20152388 -65.025
9.201692053 -65.025
9.300007053 -64.4965
9.301530226 -64.5245
9.301698399 -64.5245
9.400004399 -64.2325
9.401527571 -64.2238
9.401695743 -64.2238
9.500001743 -64.0311
9.501524915 -63.9659
9.501693087 -63.9659
9.600008087 -63.8792
9.601531259 -63.754
9.601699431 -63.754
9.700005431 -63.8149
9.701528603 -63.7941
9.701696775 -63.7941
9.800002775 -63.7374
9.801525947 -63.6658
9.801694119 -63.6658
9.900000119 -63.8973
9.901523291 -63.8633
9.901691463 -63.8633
10.000006463 -63.4856
10.001529635 -63.9016
10.001697807 -63.9016
10.100003807 -63.8418
10.10152698 -63.7042
10.101695153 -63.7042
10.200001153 -64.3456
10.201524326 -64.2056
10.201692499 -64.2056
10.240025 -64.4168
10.300004 -64.7503
10.301527174 -64.6636
10.301695348 -64.6636
10.400001348 -64.6966
10.401524522 -65.0382
10.401692696 -65.0382
10.500007696 -65.1247
10.501530871 -64.843
10.501699046 -64.843
10.600005046 -64.5515
10.601528222 -64.6569
10.601696398 -64.6569
10.700002398 -62.9802
10.701525575 -63.5454
10.701693752 -63.5454
10.800008752 -63.6129
10.80153193 -63.7579
10.801700108 -63.7579
10.900006108 -63.6795
10.901529287 -63.9151
10.901697466 -63.9151
11.000003466 -63.6245
11.001526646 -64.0395
11.001694826 -64.0395
11.100000826 -64.738
11.101524007 -65.4896
11.101692188 -65.4896
11.200007188 -64.8188
11.20153037 -65.4029
11.201698553 -65.4029
11.300004553 -64.8751
11.301527737 -64.6053
11.301695921 -64.6053
11.400001921 -64.1342
11.401525106 -64.0385
11.401693291 -64.0385
11.500008291 -64.3509
11.501531478 -64.3771
11.501699665 -64.3771
11.600005665 -64.929
11.601528853 -65.0874
11.601697041 -65.0874
11.700003041 -65.3496
11.701526231 -65.1987
11.701694421 -65.1987
11.800000421 -64.9679
11.801523613 -64.7182
11.801691805 -64.7182
11.900006805 -64.6569
11.901529999 -64.8549
11.901698193 -64.8549
12.000004193 -65.4163
12.001527389 -65.4744
12.001695585 -65.4744
12.100001585 -66.1177
12.101524782 -66.234
12.10169298 -66.234
12.20000798 -65.8347
12.201531179 -65.7727
12.201699379 -65.7727
12.300005379 -65.4582
12.301528581 -65.3076
12.301696783 -65.3076
12.400002783 -65.9502
12.401525987 -66.0233
12.401694191 -66.0233
12.500000191 -66.6945
12.501523397 -66.6642
12.501691603 -66.6642
12.600006603 -66.7352
12.601529811 -66.7982
12.601698019 -66.7982
12.700004019 -66.1476
12.701527229 -66.2104
12.701695439 -66.2104
12.800001439 -66.2818
12.801524651 -66.1818
12.801692863 -66.1818
12.900007863 -66.8333
12.901531077 -66.789
12.901699291 -66.789
13.000005291 -67.15
13.001528508 -67.2017
13.001696725 -67.2017
13.100002725 -66.9939
13.101525944 -66.9246
13.101694163 -66.9246
13.200000163 -66.866
13.201523384 -66.8405
13.201691605 -66.8405
13.300006605 -67.0489
13.301529829 -67.0193
13.301698053 -67.0193
13.400004053 -67.4179
13.401527279 -67.3953
13.401695505 -67.3953
13.500001505 -67.5002
13.501524734 -67.5821
13.501692963 -67.5821
13.600007963 -67.0694
13.601531194 -66.5436
13.601699425 -66.5436
13.700005425 -67.1515
13.701528659 -67.3705
13.701696893 -67.3705
13.800002893 -66.2935
13.80152613 -66.3326
13.801694367 -66.3326
13.900000367 -67.5657
13.901523606 -67.526
13.901691845 -67.526
14.000006845 -67.8411
14.001530087 -67.7688
14.001698329 -67.7688
14.100004329 -67.9033
14.101527574 -67.8221
14.101695819 -67.8221
14.200001819 -67.6506
14.201525067 -67.6674
14.201693315 -67.6674
14.300008315 -67.3446
14.301531565 -67.4337
14.301699815 -67.4337
14.400005815 -67.7048
14.401529068 -67.7271
14.401697321 -67.7271
14.500003321 -67.8122
14.501526577 -67.712
14.501694833 -67.712
14.600000833 -68.1577
14.601524092 -67.9903
14.601692351 -67.9903
14.700007351 -67.5484
14.701530613 -67.4902
14.701698875 -67.4902
14.800004875 -67.3456
14.80152814 -67.5995
14.801696405 -67.5995
14.900002405 -67.5482
14.901525673 -67.9257
14.901693941 -67.9257
15.000008941 -68.3007
15.001532212 -68.7201
15.001700483 -68.7201
15.100006483 -68.8092
15.101529757 -68.9749
15.101698031 -68.9749
15.200004031 -68.2389
15.201527308 -68.5823
15.201695585 -68.5823
15.300001585 -67.3251
15.301524865 -68.1347
15.301693145 -68.1347
15.360025 -68.1702
15.400006 -68.1546
15.401529283 -68.4202
15.401697566 -68.4202
15.500003566 -68.817
15.501526852 -68.9802
15.501695138 -68.9802
15.600001138 -69.2709
15.601524428 -69.7639
15.601692718 -69.7639
15.700007718 -69.3152
15.701531011 -69.1947
15.701699304 -69.1947
15.800005304 -68.4134
15.8015286 -68.6973
15.801696896 -68.6973
15.900002896 -68.1914
15.901526195 -68.006
15.901694494 -68.006
16.000000494 -68.4046
16.001523796 -68.3908
16.001692098 -68.3908
16.100007098 -69.2935
16.101530404 -69.2576
16.10169871 -69.2576
16.20000471 -70.2331
16.201528019 -70.1983
16.201696328 -70.1983
16.300002328 -70.2589
16.30152564 -70.3289
16.301693952 -70.3289
16.400008952 -69.7331
16.401532267 -69.4706
16.401700583 -69.4706
16.500006583 -68.6727
16.501529902 -68.3853
16.501698221 -68.3853
16.600004221 -68.0345
16.601527543 -68.4839
16.601695865 -68.4839
16.700001865 -68.7847
16.70152519 -69.3957
16.701693516 -69.3957
16.800008516 -70.8064
16.801531845 -69.9177
16.801700174 -69.9177
16.900006174 -70.761
16.901529506 -71.1797
16.901697839 -71.1797
17.000003839 -70.9043
17.001527175 -70.467
17.001695511 -70.467
17.100001511 -69.3082
17.10152485 -68.7791
17.10169319 -68.7791
17.20000819 -68.1214
17.201531533 -68.8808
17.201699876 -68.8808
17.300005876 -68.2095
17.301529223 -68.0222
17.30169757 -68.0222
17.40000357 -68.2061
17.40152692 -69.0936
17.40169527 -69.0936
17.50000127 -69.7824
17.501524624 -70.4705
17.501692978 -70.4705
17.600007978 -69.3205
17.601531335 -69.2108
17.601699692 -69.2108
17.700005692 -68.2562
17.701529053 -68.5715
17.701697414 -68.5715
17.800003414 -67.7253
17.801526778 -68.0161
17.801695142 -68.0161
17.900001142 -68.583
17.90152451 -68.4191
17.901692878 -68.4191
18.000007878 -68.2812
18.001531249 -68.1423
18.001699621 -68.1423
18.100005621 -67.9266
18.101528996 -68.4528
18.101697371 -68.4528
18.200003371 -68.6564
18.20152675 -67.5316
18.201695129 -67.5316
18.300001129 -69.0448
18.301524511 -69.365
18.301692893 -69.365
18.400007893 -69.68
18.401531279 -68.7315
18.401699665 -68.7315
18.500005665 -69.2055
18.501529055 -71.1627
18.501697445 -71.1627
18.600003445 -69.5961
18.601526838 -68.0612
18.601695231 -68.0612
18.700001231 -68.3729
18.701524626 -68.5222
18.701693021 -68.5222
18.800008021 -74.6844
18.801531412 -70.0525
18.801699803 -70.0525
18.900005803 -71.602
18.90152919 -73.5416
18.90198519 -73.5416
18.90241419 -73.5416
18.90331119 -71.0227
18.90374919 -71.0227
18.90536619 -72.4986
18.905554577 -72.4986
19.000008577 -70.2303
19.00153196 -70.5617
19.001720343 -70.5617
19.100008343 -67.7714
19.101531722 -68.6445
19.101720101 -68.6445
19.200008101 -68.8714
19.201531476 -68.5458
19.201719851 -68.5458
19.300007851 -67.7652
19.301531222 -69.1527
19.301719593 -69.1527
19.400007593 -68.9873
19.40153096 -68.4146
19.401719327 -68.4146
19.500007327 -70.8638
19.501530691 -70.4365
19.501719054 -70.4365
19.600007054 -71.3911
19.601530414 -71.2984
19.601718774 -71.2984
19.700006774 -70.1106
19.70153013 -70.1024
19.701718486 -70.1024
19.800006486 -68.9792
19.801529838 -68.9477
19.80171819 -68.9477
19.90000619 -68.1354
19.901529538 -68.4481
19.901717886 -68.4481
20.000005886 -68.192
20.00152923 -68.2136
20.001717574 -68.2136
20.100005574 -68.6369
20.101528914 -68.5575
20.101717254 -68.5575
20.200005254 -69.3794
20.20152859 -70.3518
20.201716926 -70.3518
20.300004926 -69.6052
20.301528259 -70.8521
20.301716591 -70.8521
20.400004591 -69.1727
20.40152792 -70.147
20.401716249 -70.147
20.480025 -68.5971
20.500008 -68.3778
20.501531325 -69.1883
20.50171965 -69.1883
20.60000765 -68.1163
20.601530971 -68.311
20.601719292 -68.311
20.700007292 -69.1945
20.701530609 -68.2568
20.701718926 -68.2568
20.800006926 -69.1264
20.801530239 -70.4669
20.801718552 -70.4669
20.900006552 -68.6959
20.901529866 -69.5784
20.90171818 -69.5784
21.00000618 -68.6162
21.001529497 -68.4055
21.001717814 -68.4055
21.100005814 -68.1522
21.101529134 -68.3227
21.101717454 -68.3227
21.200005454 -68.2821
21.201528777 -68.1241
21.2017171 -68.1241
21.3000051 -68.2597
21.301528426 -69.1549
21.301716752 -69.1549
21.400004752 -69.3208
21.401528081 -69.31
21.40171641 -69.31
21.50000441 -70.7643
21.501527742 -70.1674
21.501716074 -70.1674
21.600004074 -70.5539
21.601527409 -70.0421
21.601715744 -70.0421
21.700003744 -69.8033
21.701527082 -69.333
21.701715421 -69.333
21.800003421 -68.9627
21.801526763 -68.6679
21.801715105 -68.6679
21.900003105 -68.5029
21.90152645 -68.5706
21.901714795 -68.5706
22.000002795 -68.6737
22.001526143 -68.9428
22.001714491 -68.9428
22.100002491 -69.0136
22.101525842 -69.0717
22.101714193 -69.0717
22.200002193 -70.1211
22.201525547 -70.1312
22.201713901 -70.1312
22.300001901 -71.178
22.301525259 -71.2329
22.301713617 -71.2329
22.400001617 -70.9236
22.401524978 -70.8075
22.401713339 -70.8075
22.500001339 -69.7865
22.501524703 -69.5455
22.501713067 -69.5455
22.600001067 -69.2451
22.601524434 -69.6739
22.601712801 -69.6739
22.700000801 -69.7465
22.701524172 -69.6352
22.701712543 -69.6352
22.800000543 -69.4149
22.801523917 -69.6421
22.801712291 -69.6421
22.900000291 -68.8305
22.901523668 -69.2007
22.901712045 -69.2007
23.000000045 -70.085
23.001523426 -68.4001
23.001711807 -68.4001
23.100008807 -72.497
23.101532191 -69.8633
23.101720575 -69.8633
23.200008575 -71.0838
23.201531962 -74.128
23.201720349 -74.128
23.300008349 -69.7039
23.30153174 -72.053
23.301720131 -72.053
23.400008131 -71.4588
23.401531525 -67.8649
23.401719919 -67.8649
23.500007919 -67.9565
23.501531317 -73.9496
23.501719715 -73.9496
23.600007715 -68.7612
23.601531114 -72.3307
23.601719513 -72.3307
23.700007513 -73.5899
23.701530909 -67.9876
23.701719305 -67.9876
23.800007305 -68.2695
23.801530699 -76.4707
23.801862699 -76.4707
23.802536699 -70.753
23.802725093 -70.753
23.900005093 -73.2794
23.901528484 -70.3377
23.901696875 -70.3377
24.000002875 -74.7874
24.001526264 -71.13
24.001694653 -71.13
24.100000653 -68.3614
24.101524039 -71.1265
24.101692425 -71.1265
24.200007425 -69.1722
24.201530809 -68.5682
24.201699193 -68.5682
24.300005193 -70.4655
24.301528574 -70.1447
24.301696955 -70.1447
24.400002955 -70.1213
24.401526334 -70.2674
24.401694713 -70.2674
24.500000713 -68.785
24.501524089 -68.8724
24.501692465 -68.8724
24.600007465 -67.8797
24.601530839 -68.9581
24.601699213 -68.9581
24.700005213 -68.9647
24.701528584 -68.2941
24.701696955 -68.2941
24.800002955 -69.5951
24.801526324 -69.2088
24.801694693 -69.2088
24.900000693 -70.2175
24.90152406 -69.6664
24.901692427 -69.6664
25.000007427 -70.4717
25.001530791 -71.4063
25.001699156 -71.4063
25.100005156 -70.0044
25.101528524 -69.0442
25.101696892 -69.0442
25.200002892 -69.3071
25.201526264 -69.2187
25.201694636 -69.2187
25.300000636 -68.9201
25.301524012 -69.8543
25.301692388 -69.8543
25.400007388 -70.4815
25.401530768 -69.8329
25.401699148 -69.8329
25.500005148 -70.9797
25.501528532 -71.7526
25.501885532 -71.7526
25.502332532 -71.6955
25.503598532 -71.4038
25.503766916 -71.4038
25.600002916 -73.1267
25.601507916 -72.0299
25.601799304 -72.0299
25.601967692 -72.0299
25.700003692 -71.7222
25.701527083 -73.7188
25.701848083 -73.7188
25.702475083 -71.4216
25.703237083 -72.4739
25.704080083 -72.5938
25.704581083 -72.5938
25.704769474 -72.5938
25.800006474 -72.2301
25.801529869 -69.991
25.801718264 -69.991
25.900006264 -70.4518
25.901529663 -71.3274
25.901718062 -71.3274
26.000006062 -67.3962
26.001529465 -71.6177
26.001717868 -71.6177
26.100005868 -70.5016
26.101529275 -67.0153
26.101717682 -67.0153
26.200005682 -68.7555
26.201529087 -67.9805
26.201717492 -67.9805
26.300005492 -73.3865
26.301528893 -67.7701
26.301717294 -67.7701
26.400005294 -71.3227
26.401528691 -71.7548
26.401717088 -71.7548
26.500005088 -70.5467
26.501528482 -74.1401
26.501858482 -74.1401
26.502062876 -74.1368
26.600008876 -72.0428
26.601532266 -72.4059
26.601720656 -72.4059
26.700008656 -73.0707
26.701532042 -72.0486
26.701720428 -72.0486
26.800008428 -71.2743
26.801531811 -71.0694
26.801720194 -71.0694
26.900008194 -70.6127
26.901531573 -69.8605
26.901719952 -69.8605
27.000007952 -69.9195
27.001531327 -68.7165
27.001719702 -68.7165
27.100007702 -69.798
27.101531074 -68.8564
27.101719446 -68.8564
27.200007446 -69.6203
27.201530814 -68.7482
27.201719182 -68.7482
27.300007182 -70.9913
27.301530547 -70.6629
27.301718912 -70.6629
27.400006912 -70.4462
27.401530273 -71.1461
27.401718634 -71.1461
27.500006634 -71.5764
27.501529991 -71.9614
27.501718348 -71.9614
27.600006348 -70.2922
27.601529702 -70.0596
27.601718056 -70.0596
27.700006056 -69.7848
27.701529406 -70.0848
27.701717756 -70.0848
27.800005756 -68.8797
27.801529103 -69.375
27.80171745 -69.375
27.90000545 -69.1359
27.901528793 -69.4319
27.901717136 -69.4319
28.000005136 -69.936
28.001528475 -69.8785
28.001716814 -69.8785
28.100004814 -69.7831
28.10152815 -69.0071
28.101716486 -69.0071
28.200004486 -69.0282
28.201527818 -69.3939
28.20171615 -69.3939
28.30000415 -69.9021
28.301527479 -69.4107
28.301715808 -69.4107
28.400003808 -68.4655
28.401527133 -68.8727
28.401715458 -68.8727
28.500003458 -68.3188
28.50152678 -68.0847
28.501715102 -68.0847
28.600003102 -68.5843
28.60152642 -68.9412
28.601714738 -68.9412
28.700002738 -69.4149
28.701526053 -69.5769
28.701714368 -69.5769
28.800002368 -69.961
28.801525679 -70.3444
28.80171399 -70.3444
28.90000199 -69.9286
28.901525298 -70.2427
28.901713606 -70.2427
29.000001606 -68.5857
29.00152491 -69.1947
29.001713214 -69.1947
29.100001214 -68.1299
29.101524515 -68.649
29.101712816 -68.649
29.200000816 -68.1341
29.201524115 -68.744
29.201692414 -68.744
29.300007414 -68.1331
29.301530714 -68.4885
29.301719014 -68.4885
29.400007014 -68.4561
29.401530315 -68.3029
29.401718616 -68.3029
29.500006616 -68.5445
29.501529918 -68.3382
29.50171822 -68.3382
29.60000622 -68.5678
29.601529523 -68.6419
29.601717826 -68.6419
29.700005826 -68.7725
29.701529131 -68.8652
29.701717436 -68.8652
29.800005436 -69.2676
29.801528742 -69.1274
29.801717048 -69.1274
29.900005048 -69.5293
29.901528355 -69.8621
29.901716662 -69.8621
30.000004662 -70.2819
30.001527971 -69.9233
30.00171628 -69.9233
30.10000428 -70.2165
30.10152759 -69.9748
30.1017159 -69.9748
30.2000039 -70.0038
30.201527211 -70.1125
30.201715522 -70.1125
30.300003522 -70.0366
30.301526835 -70.1845
30.301715148 -70.1845
30.400003148 -69.3935
30.401526462 -69.8963
30.401714776 -69.8963
30.500002776 -69.2784
30.501526092 -69.0008
30.501714408 -69.0008
30.600002408 -69.0652
30.601525726 -68.6741
30.601714044 -68.6741
30.700002044 -68.776
30.701525363 -68.4185
30.701713682 -68.4185
30.720025 -68.563
30.800002 -68.4033
30.801525321 -68.494
30.801713642 -68.494
30.900001642 -68.5369
30.901524965 -68.5181
30.901713288 -68.5181
31.000001288 -68.8778
31.001524612 -68.7359
31.001712936 -68.7359
31.100000936 -69.2325
31.101524262 -69.3142
31.101712588 -69.3142
31.200000588 -70.1021
31.201523916 -69.89
31.201712244 -69.89
31.300000244 -70.5437
31.301523574 -70.7408
31.301711904 -70.7408
31.400008904 -71.0755
31.401532236 -70.6107
31.401720568 -70.6107
31.500008568 -71.2819
31.501531902 -70.6655
31.501720236 -70.6655
31.600008236 -70.653
31.601531572 -70.2162
31.601719908 -70.2162
31.700007908 -69.9747
31.701531246 -69.4714
31.701719584 -69.4714
31.800007584 -69.3079
31.801530924 -69.2603
31.801699264 -69.2603
31.900005264 -68.4204
31.901528606 -68.6815
31.901716948 -68.6815
32.000004948 -68.6454
32.001528292 -68.5743
32.001716636 -68.5743
32.100004636 -68.5709
32.101527983 -68.5867
32.10171633 -68.5867
32.20000433 -69.0811
32.201527679 -69.0486
32.201716028 -69.0486
32.300004028 -69.4932
32.301527379 -69.3453
32.30171573 -69.3453
32.40000373 -69.8538
32.401527083 -70.5728
32.401715436 -70.5728
32.500003436 -71.559
32.501526792 -70.3545
32.501715148 -70.3545
32.600003148 -71.1131
32.601526506 -71.7029
32.601714864 -71.7029
32.700002864 -71.332
32.701526224 -71.1253
32.701714584 -71.1253
32.800002584 -71.4124
32.801525947 -71.4961
32.80171431 -71.4961
32.90000231 -70.1389
32.901525675 -70.7826
32.90171404 -70.7826
33.00000204 -68.919
33.001525408 -68.9952
33.001713776 -68.9952
33.100001776 -68.9929
33.101525146 -69.3966
33.101713516 -69.3966
33.200001516 -68.4857
33.201524889 -68.1002
33.201713262 -68.1002
33.300001262 -67.8288
33.301524637 -68.1927
33.301713012 -68.1927
33.400001012 -68.0637
33.401524389 -68.3735
33.401712766 -68.3735
33.500000766 -68.9116
33.501524144 -68.8468
33.501712522 -68.8468
33.600000522 -69.8655
33.601523902 -68.814
33.601712282 -68.814
33.700000282 -67.7349
33.701523664 -68.473
33.701712046 -68.473
33.800000046 -69.9489
33.801523429 -69.8219
33.801711812 -69.8219
33.900008812 -72.21
33.901532197 -71.4912
33.901720582 -71.4912
34.000008582 -70.0547
34.001531969 -70.7293
34.001720356 -70.7293
34.100008356 -71.5704
34.101531744 -70.9671
34.101720132 -70.9671
34.200008132 -72.5802
34.201531522 -73.9478
34.201719912 -73.9478
34.300007912 -69.271
34.301531304 -69.6278
34.301719696 -69.6278
34.400007696 -72.1049
34.40153109 -71.8231
34.401719484 -71.8231
34.500007484 -68.6549
34.50153088 -68.6491
34.501719276 -68.6491
34.600007276 -73.3197
34.601530674 -73.7935
34.601719072 -73.7935
34.700007072 -69.9239
34.701530471 -69.1073
34.701718871 -69.1073
34.800006871 -69.0006
34.801530272 -70.1113
34.801718673 -70.1113
34.900006673 -72.8904
34.901530076 -71.8417
34.901698479 -71.8417
35.000004479 -68.7366
35.001527884 -67.9114
35.001696289 -67.9114
35.100002289 -68.4255
35.101525697 -68.0486
35.101694105 -68.0486
35.200000105 -68.3198
35.201523515 -69.7826
35.201691925 -69.7826
35.300006925 -68.9391
35.301530337 -71.7308
35.301797337 -71.7308
35.302235337 -72.7615
35.302583337 -72.7615
35.303642337 -72.2499
35.306537337 -68.3182
35.306725749 -68.3182
35.400000749 -70.6201
35.401524163 -71.4383
35.401712577 -71.4383
35.500000577 -71.2673
35.501523993 -70.0456
35.501712409 -70.0456
35.600000409 -72.655
35.601523827 -72.5408
35.601712245 -72.5408
35.700000245 -75.5904
35.701523665 -76.4431
35.702062665 -76.4431
35.702646665 -76.4431
35.703230665 -76.4431
35.704588665 -69.7464
35.704777086 -69.7464
35.800005086 -71.2693
35.801528509 -75.4575
35.801813509 -75.4575
35.802017932 -75.4619
35.840025 -77.2347
35.900004 -70.1549
35.901527425 -71.1259
35.90173185 -71.1259
36.00000185 -70.1207
36.001525276 -71.5332
36.001729702 -71.5332
36.100008702 -69.2395
36.101532129 -70.212
36.101736556 -70.212
36.200006556 -74.2118
36.201529984 -74.3057
36.201734412 -74.3057
36.300004412 -69.0018
36.301527841 -69.8152
36.30173227 -69.8152
36.40000227 -69.6164
36.4015257 -69.0292
36.40173013 -69.0292
36.50000013 -72.5345
36.501523561 -72.1874
36.501727992 -72.1874
36.600006992 -70.2153
36.601530424 -70.9185
36.601734856 -70.9185
36.700004856 -68.7523
36.701528289 -69.7154
36.701732722 -69.7154
36.800002722 -69.6932
36.801526156 -71.2762
36.80173059 -71.2762
36.90000059 -71.6082
36.901524025 -72.4616
36.901890025 -72.4616
36.90207846 -72.4566
37.00000646 -71.5933
37.001529896 -72.3819
37.001718332 -72.3819
37.100006332 -72.6785
37.101529769 -70.0176
37.101718206 -70.0176
37.200006206 -69.3975
37.201529644 -69.2535
37.201718083 -69.2535
37.300006083 -69.1881
37.301529523 -72.7611
37.301717963 -72.7611
37.400005963 -72.6602
37.401529404 -67.9382
37.401717845 -67.9382
37.500005845 -70.6954
37.501529287 -70.7265
37.501717729 -70.7265
37.600005729 -70.7411
37.601529171 -70.7295
37.601717613 -70.7295
37.700005613 -70.785
37.701529054 -70.7934
37.701717495 -70.7934
37.800005495 -70.7935
37.801528936 -70.9469
37.801717377 -70.9469
37.900005377 -70.5361
37.901528818 -70.6709
37.901717259 -70.6709
38.000005259 -70.8861
38.001528699 -70.6183
38.001717139 -70.6183
38.100005139 -76.8953
38.101528674 -80.6923
38.101851674 -80.6923
38.102372674 -79.3068
38.103568674 -77.0609
38.105430674 -78.1105
38.109803674 -77.0319
38.112455674 -76.6632
38.120597674 -76.6846
38.123519674 -78.8455
38.124020674 -78.8455
38.126960674 -78.9454
38.132224674 -76.5222
38.135274674 -78.5451
38.136335674 -79.0755
38.140231674 -77.023
38.140626674 -77.023
38.14068721 -77.0267
38.20000021 -76.4243
38.201523746 -77.0504
38.201748282 -77.0504
38.300000282 -83.8038
38.400001282 -87.9176
38.500002282 -79.6113
38.501526184 -79.0522
38.502002184 -79.0522
38.502739184 -79.2165
38.503080184 -79.2165
38.505374184 -81.5165
38.508865184 -93.5789
38.509161184 -93.5789
38.600006087 -84.0583
38.700007087 -88.5261
38.800008087 -88.5024
38.900000087 -90.682
39.000001087 -97.6987
39.100002087 -87.9559
39.200003087 -80.0697
39.201526623 -80.0653
39.201685623 -80.0653
39.201746159 -80.0653
39.201821695 -80.0653
39.202324695 -80.0494
39.202663695 -80.0494
39.203029695 -80.0406
39.203310231 -80.0406
39.300005231 -80.2466
39.301528766 -80.2516
39.301833766 -80.2516
39.302624766 -80.2487
39.303701766 -80.2687
39.305822766 -80.2591
39.306103301 -80.2591
39.400008301 -94.0812
39.500000301 -87.822
39.600001301 -89.0061
39.700002301 -90.1858
39.800003301 -88.0011
39.900004301 -90.2092
40.000005301 -84.9936
40.100006301 -90.5394
40.200007301 -88.5112
40.300008301 -88.6575
40.400000301 -90.5073
40.500001301 -87.5757
40.600002301 -86.5508
40.700003301 -86.3898
40.800004301 -86.7638
40.900005301 -88.4235
40.960025 -86.2074
41.000006 -94.3272
41.100007 -95.4719
