1.32791 0.465953
1.31801 0.442999
1.3081 0.420045
1.2982 0.397091
1.28829 0.374137
1.27839 0.351183
1.26848 0.328229
1.25858 0.305275
1.24867 0.282321
1.23876 0.259367
1.22886 0.236413
1.21895 0.213459
1.20905 0.190505
1.19914 0.167551
1.18924 0.144598
1.17933 0.121644
1.16943 0.0986896
1.15952 0.0757356
1.14962 0.0527816
1.13971 0.0298277
1.12981 0.00687368
1.1199 0.0344435
1.11 0.0573974
1.10009 0.0803514
1.09018 0.103305
1.08028 0.126259
1.07037 0.149213
1.06047 0.172167
1.05056 0.195121
1.04066 0.218075
1.03075 0.241029
1.02085 0.263983
1.01094 0.286937
1.00104 0.309891
0.991131 0.332845
0.981226 0.355799
0.971321 0.378753
0.961415 0.401707
0.95151 0.424661
0.941605 0.447615
0.931699 0.470569
0.921794 0.493523
0.911889 0.516477
0.901983 0.539431
0.892078 0.562385
0.882173 0.585339
0.872267 0.608293
0.862362 0.631247
0.852457 0.654201
0.842551 0.677155
0.832646 0.700109
0.822741 0.723063
0.812835 0.746017
0.80293 0.768971
0.793025 0.791925
0.783119 0.814878
0.773214 0.837832
0.763309 0.860786
0.753403 0.88374
0.743498 0.906694
0.733593 0.929648
0.723687 0.952602
0.713782 0.975556
0.703877 0.99851
0.693971 1.02146
0.684066 1.04442
0.674161 1.06737
0.664255 1.09033
0.654349 1.11328
0.644444 1.13624
0.634538 1.15919
0.624633 1.18214
0.614728 1.2051
0.604822 1.22805
0.594917 1.25101
0.585012 1.27396
0.575106 1.29691
0.565201 1.31987
0.555296 1.34282
0.54539 1.36578
0.535491 1.38873
0.542539 1.41272
0.549587 1.4367
0.556635 1.46069
0.563683 1.48467
0.570731 1.50866
0.577779 1.53265
0.584827 1.55663
0.591875 1.58062
0.598923 1.6046
0.605971 1.62859
0.613019 1.65258
0.620067 1.67656
0.627115 1.70055
0.634163 1.72453
0.641211 1.74852
0.648259 1.7725
0.655307 1.79649
0.662355 1.82048
0.669403 1.84446
0.676451 1.86845
0.683499 1.89243
0.690547 1.91642
0.697595 1.94041
0.704643 1.96439
0.711692 1.98838
0.71874 2.01236
0.725788 2.03635
0.732836 2.06034
0.739884 2.08432
0.746932 2.10831
0.75398 2.13229
0.761028 2.15628
0.768076 2.18027
0.775124 2.20425
0.782172 2.22824
0.78922 2.25222
0.796268 2.27621
0.803316 2.3002
0.810364 2.32418
0.817412 2.34817
0.82446 2.37215
0.831508 2.39614
0.838556 2.42013
0.845604 2.44411
0.852652 2.4681
0.8597 2.49208
0.866748 2.51607
0.873796 2.54005
0.880844 2.56404
0.887893 2.58803
0.894941 2.61201
0.901989 2.636
0.909037 2.65998
0.916085 2.68397
0.923133 2.70796
0.930181 2.73194
0.937229 2.75593
0.944277 2.77991
0.951325 2.8039
0.958373 2.82789
0.965421 2.85187
0.972469 2.87586
0.979517 2.89984
0.986565 2.92383
0.993613 2.94782
1.00066 2.9718
1.00771 2.99579
1.01476 3.01977
1.02181 3.04376
1.02885 3.06775
1.0359 3.09173
1.04295 3.11572
1.05 3.1397
1.05705 3.16369
1.06409 3.18768
1.07114 3.21166
1.07819 3.23565
1.08524 3.25963
1.09229 3.28362
1.09933 3.30761
1.10638 3.33159
1.11343 3.35558
1.12048 3.37956
1.12753 3.40355
1.13457 3.42753
1.14162 3.45152
1.14867 3.47551
1.15572 3.49949
1.16277 3.52348
1.16981 3.54746
1.17686 3.57145
1.18391 3.59544
1.19096 3.61942
1.19801 3.64341
1.20505 3.66739
1.2121 3.69138
1.21915 3.71537
1.2262 3.73935
1.23325 3.76334
1.24029 3.78732
1.24734 3.81131
1.25439 3.8353
1.26144 3.85928
1.26849 3.88327
1.27553 3.90725
1.28258 3.93124
1.28963 3.95523
1.29668 3.97921
1.30373 4.0032
1.31078 4.02718
1.31782 4.05117
1.32487 4.07516
1.33192 4.09914
1.33897 4.12313
1.34602 4.14711
1.35306 4.1711
1.36011 4.19509
1.36716 4.21907
1.37421 4.24306
1.38126 4.26704
1.3883 4.29103
1.39535 4.31501
1.4024 4.339
1.40945 4.36299
1.4165 4.38697
1.42354 4.41096
1.43059 4.43494
1.43764 4.45892
1.44469 4.48291
1.45173 4.50689
1.45878 4.53088
1.46583 4.55487
1.47288 4.57885
1.47993 4.60284
1.48697 4.62682
1.49402 4.65081
1.50107 4.6748
1.50812 4.69878
1.51517 4.72277
1.52221 4.74675
1.52926 4.77074
1.53631 4.79473
1.54336 4.81871
1.55041 4.8427
1.55745 4.86668
1.5645 4.89067
1.57155 4.91466
1.5786 4.93864
1.58565 4.96263
1.59269 4.98661
1.59974 5.0106
1.60679 5.03458
1.61384 5.05857
1.62089 5.08256
1.62793 5.10654
1.63498 5.13053
1.64203 5.15451
1.64908 5.1785
1.65613 5.20249
1.66317 5.22647
1.67022 5.25046
1.67727 5.27444
1.68432 5.29843
1.69137 5.32242
1.69841 5.3464
1.70546 5.37039
1.71251 5.39437
1.71956 5.41836
1.72661 5.44235
1.73366 5.46633
1.7407 5.49032
1.74775 5.5143
1.7548 5.53829
1.76185 5.56228
1.7689 5.58626
1.77594 5.61025
1.78299 5.63423
1.79004 5.65822
1.79709 5.68221
1.80414 5.70619
1.81118 5.73018
1.81823 5.75416
1.82528 5.77815
1.83233 5.80214
1.83938 5.82612
1.84642 5.85011
1.85347 5.87409
1.86052 5.89808
1.86757 5.92207
1.87462 5.94605
1.88166 5.97004
1.88871 5.99402
1.89576 5.9628
1.90281 5.93881
1.90986 5.91483
1.91691 5.89084
1.92395 5.86686
1.931 5.84287
1.93805 5.81888
1.9451 5.7949
1.95215 5.77091
1.95919 5.74693
1.96624 5.72294
1.97329 5.69895
1.98034 5.67497
1.98739 5.65098
1.99443 5.627
2.00148 5.60301
2.00853 5.57902
2.01558 5.55504
2.02263 5.53105
2.02967 5.50707
2.03672 5.48308
2.04377 5.45909
2.05082 5.43511
2.05787 5.41112
2.06491 5.38714
2.07196 5.36315
2.07901 5.33916
2.08606 5.31518
2.09311 5.29119
2.10015 5.26721
2.1072 5.24322
2.11425 5.21923
2.1213 5.19525
2.12835 5.17126
2.13539 5.14728
2.14244 5.12329
2.14949 5.0993
2.15654 5.07532
2.16359 5.05133
2.17063 5.02735
2.17768 5.00336
2.18473 4.97937
2.19178 4.95539
2.19883 4.9314
2.20588 4.90742
2.21292 4.88343
2.21997 4.85944
2.22702 4.83546
2.24504 4.81813
2.26305 4.80079
2.28106 4.78346
2.29908 4.76612
2.31709 4.74879
2.33511 4.73145
2.35312 4.71412
2.37113 4.69678
2.38915 4.67945
2.40716 4.66211
2.42518 4.64478
2.44319 4.62744
2.4612 4.61011
2.47922 4.59277
2.49723 4.57544
2.51525 4.5581
2.53326 4.54077
2.55127 4.52343
2.56929 4.5061
2.5873 4.48876
2.60532 4.47143
2.62333 4.45409
2.64134 4.43676
2.65936 4.41943
2.67737 4.40209
2.69539 4.38476
2.7134 4.36742
2.73141 4.35009
2.74943 4.33275
2.76744 4.31542
2.78546 4.29808
2.80347 4.28075
2.82148 4.26341
2.8395 4.24608
2.85751 4.22874
2.87553 4.21141
2.89354 4.19407
2.91156 4.17674
2.92957 4.1594
2.94758 4.14207
2.9656 4.12473
2.98361 4.1074
3.00163 4.09006
3.01964 4.07273
3.03765 4.05539
3.05567 4.03806
3.07368 4.02072
3.0917 4.00339
3.10971 3.98606
3.12772 3.96872
3.14574 3.95139
3.16375 3.93405
3.18177 3.91672
3.19978 3.89938
3.21779 3.88205
3.23581 3.86471
3.25382 3.84738
3.27184 3.83004
3.28985 3.81271
3.30786 3.79537
3.32588 3.77804
3.34389 3.7607
3.36191 3.74337
3.37992 3.72603
3.39793 3.7087
3.41595 3.69136
3.43396 3.67403
3.45198 3.65669
3.46999 3.63936
3.488 3.62202
3.50602 3.60469
3.52403 3.58735
3.54205 3.57002
3.56006 3.55269
3.57807 3.53535
3.59609 3.51802
3.6141 3.50068
3.63212 3.48335
3.65013 3.46601
3.66814 3.44868
3.68616 3.43134
3.70417 3.41401
3.72219 3.39667
3.7402 3.37934
3.75821 3.362
3.77623 3.34467
3.79424 3.32733
3.81226 3.31
3.83027 3.29266
3.84829 3.27533
3.8663 3.25799
3.88431 3.24066
3.90233 3.22332
3.92034 3.20599
3.93836 3.18865
3.95637 3.17132
3.97438 3.15398
3.9924 3.13665
3.97518 3.11931
3.95716 3.10198
3.93915 3.08465
3.92113 3.06731
3.90312 3.04998
3.88511 3.03264
3.86709 3.01531
3.84908 2.99797
3.83106 2.98064
3.81305 2.9633
3.79504 2.94597
3.77702 2.92863
3.75901 2.9113
3.74099 2.89396
3.72298 2.87663
3.70497 2.85929
3.68695 2.84196
3.66894 2.82462
3.65092 2.80729
3.63291 2.78995
3.6149 2.77262
3.59688 2.75528
3.57887 2.73795
3.56085 2.72061
3.54284 2.70328
3.52483 2.68594
3.50681 2.66861
3.4888 2.65128
3.47078 2.63394
3.45277 2.61661
3.43476 2.59927
3.41674 2.58194
3.39873 2.5646
3.38071 2.54727
3.3627 2.52993
3.34469 2.5126
3.32667 2.49526
3.30866 2.47793
3.29064 2.46059
3.27263 2.44326
3.25462 2.42592
3.2366 2.40859
3.21859 2.39125
3.20057 2.37392
3.18256 2.35658
3.16455 2.33925
3.14653 2.32191
3.12852 2.30458
3.1105 2.28724
3.09249 2.26991
3.07448 2.25257
3.05646 2.23524
3.03845 2.21791
3.02043 2.20057
3.00242 2.18324
2.98441 2.1659
2.96639 2.14857
2.94838 2.13123
2.93395 2.11735
2.91235 2.09656
2.89434 2.07923
2.87632 2.06189
2.85831 2.04456
2.8403 2.02722
2.82228 2.00989
2.80427 1.99256
2.78625 1.97522
2.76824 1.95789
2.75023 1.94055
2.73221 1.92322
2.7142 1.90588
2.69618 1.88855
2.67817 1.87121
2.66016 1.85388
2.64214 1.83654
2.62413 1.81921
2.60611 1.80187
2.5881 1.78454
2.57008 1.7672
2.55207 1.74987
2.53406 1.73253
2.51604 1.7152
2.49803 1.69786
2.48001 1.68053
2.462 1.66319
2.44399 1.64586
2.42597 1.62852
2.40796 1.61119
2.38994 1.59386
2.37193 1.57652
2.35392 1.55919
2.3359 1.54185
2.31789 1.52452
2.29987 1.50718
2.28186 1.48985
2.26385 1.47251
2.24583 1.45518
2.22782 1.43784
2.2098 1.42051
2.19179 1.40317
2.17378 1.38584
2.15576 1.3685
2.13775 1.35117
2.11973 1.33383
2.10172 1.3165
2.08371 1.29916
2.06569 1.28183
2.04768 1.26449
2.02966 1.24716
2.01165 1.22982
1.99364 1.21249
1.97562 1.19515
1.95761 1.17782
1.93959 1.16049
1.92158 1.14315
1.90357 1.12582
1.88555 1.10848
1.86754 1.09115
1.84952 1.07381
1.83151 1.05648
1.8135 1.03914
1.79548 1.02181
1.77747 1.00447
1.75945 0.987137
1.74144 0.969802
1.72343 0.952468
1.70541 0.935133
1.6874 0.917798
1.66938 0.900463
1.65137 0.883128
1.63336 0.865794
1.61534 0.848459
1.59733 0.831124
1.57931 0.813789
1.5613 0.796454
1.54329 0.77912
1.52527 0.761785
1.50726 0.74445
1.48924 0.727115
1.47123 0.70978
1.45321 0.692446
1.43521 0.675116
1.45984 0.679395
1.48447 0.683674
1.5091 0.687952
1.53374 0.692231
1.55837 0.69651
1.583 0.700789
1.60763 0.705068
1.63226 0.709347
1.65689 0.713625
1.68152 0.717904
1.70615 0.722183
1.73078 0.726462
1.75542 0.730741
1.78005 0.73502
1.80468 0.739298
1.82931 0.743577
1.85394 0.747856
1.87857 0.752135
1.9032 0.756414
1.92783 0.760693
1.95246 0.764971
1.9771 0.76925
2.00173 0.773529
2.02636 0.777808
2.05099 0.782087
2.07562 0.786365
2.10025 0.790644
2.12488 0.794923
2.14951 0.799202
2.17414 0.803481
2.19878 0.80776
2.22341 0.812038
2.24804 0.816317
2.27267 0.820596
2.2973 0.824875
2.32193 0.829154
2.34656 0.833433
2.37119 0.837711
2.39582 0.84199
2.42046 0.846269
2.44509 0.850548
2.46972 0.854827
2.49435 0.859106
2.51898 0.863384
2.54361 0.867663
2.56824 0.871942
2.59287 0.876221
2.6175 0.8805
2.64214 0.884779
2.66677 0.889057
2.6914 0.893336
2.71603 0.897615
2.74066 0.901894
2.76529 0.906173
2.78992 0.910452
2.81455 0.91473
2.83918 0.919009
2.86382 0.923288
2.88845 0.927567
2.91308 0.931846
2.93771 0.936125
2.96234 0.940403
2.98697 0.944682
3.0116 0.948961
3.03623 0.95324
3.06086 0.957519
3.0855 0.961798
3.11013 0.966076
3.13476 0.970355
3.15939 0.974634
3.18402 0.978913
3.20865 0.983192
3.23328 0.987471
3.25791 0.991749
3.28255 0.996028
3.30718 1.00031
3.33181 1.00459
3.35644 1.00886
3.38107 1.01314
3.4057 1.01742
3.43033 1.0217
3.45496 1.02598
3.47959 1.03026
3.50423 1.03454
3.52886 1.03882
3.55349 1.0431
3.57812 1.04737
3.60275 1.05165
3.62738 1.05593
3.65201 1.06021
3.67664 1.06449
3.70127 1.06877
3.72591 1.07305
3.75054 1.07733
3.77517 1.0816
3.7998 1.08588
3.82443 1.09016
3.84906 1.09444
3.87369 1.09872
3.89832 1.103
3.92295 1.10728
3.94759 1.11156
3.97222 1.11584
3.99685 1.12011
4.02148 1.12439
4.04611 1.12867
4.07074 1.13295
4.09537 1.13723
4.12 1.14151
4.14463 1.14579
4.16927 1.15007
4.1939 1.15435
4.21853 1.15862
4.24316 1.1629
4.26779 1.16718
4.29242 1.17146
4.31705 1.17574
4.34168 1.18002
4.36631 1.1843
4.39095 1.18858
4.41558 1.19285
4.43037 1.19542
4.44021 1.19713
4.46483 1.20141
4.48946 1.20569
4.51409 1.20997
4.53873 1.21425
4.56336 1.21853
4.58799 1.22281
4.61262 1.22708
4.63725 1.23136
4.66188 1.23564
4.68651 1.23992
4.71114 1.2442
4.73577 1.24848
4.76041 1.25276
4.78504 1.25704
4.80967 1.26131
4.8343 1.26559
4.85893 1.26987
4.88356 1.27415
4.90819 1.27843
4.93282 1.28271
4.95745 1.28699
4.98209 1.29127
5.00672 1.29555
5.03135 1.29982
5.05598 1.3041
5.08061 1.30838
5.10524 1.31266
5.12987 1.31694
5.1545 1.32122
5.17913 1.3255
5.20377 1.32978
5.2284 1.33405
5.25303 1.33833
5.27766 1.34261
5.30229 1.34689
5.32692 1.35117
5.35155 1.35545
5.37618 1.35973
5.40081 1.36401
5.42545 1.36829
5.45008 1.37256
5.47471 1.37684
5.49934 1.38112
5.52397 1.3854
5.5486 1.38968
5.57323 1.39396
5.59786 1.39824
5.6225 1.40252
5.64713 1.40679
5.67176 1.41107
5.69639 1.41535
5.72102 1.41963
5.74565 1.42391
5.77028 1.42819
5.79491 1.43247
5.81954 1.43675
5.84418 1.44103
5.86881 1.4453
5.89344 1.44958
5.91807 1.45386
5.9427 1.45814
5.96733 1.46242
5.99196 1.4667
6.01659 1.47098
6.04122 1.47526
6.06586 1.47954
6.09049 1.48381
6.11512 1.48809
6.13975 1.49237
6.16438 1.49665
6.18901 1.50093
6.21364 1.50521
6.23827 1.50949
6.2629 1.51377
6.28754 1.51804
6.31217 1.52232
6.3368 1.5266
6.36143 1.53088
6.38606 1.53516
6.41069 1.53944
6.43532 1.54372
6.45995 1.548
6.48459 1.55228
6.50922 1.55655
6.53385 1.56083
6.55848 1.56511
6.58311 1.56939
6.60774 1.57367
6.63237 1.57795
6.657 1.58223
6.68163 1.58651
6.70627 1.59078
6.7309 1.59506
6.75553 1.59934
6.78016 1.60362
6.80479 1.6079
6.82942 1.61218
6.85405 1.61646
6.87868 1.62074
6.90331 1.62502
6.92795 1.62929
6.95258 1.63357
6.97721 1.63785
7.00184 1.64213
7.02647 1.64641
7.0511 1.65069
7.07573 1.65497
7.10036 1.65925
7.125 1.66353
7.14963 1.6678
7.17426 1.67208
7.19889 1.67636
7.22352 1.68064
7.24815 1.68492
7.27278 1.6892
7.29741 1.69348
7.32204 1.69776
7.34667 1.70203
7.3347 1.68008
7.32273 1.65814
7.31075 1.63619
7.29878 1.61424
7.28681 1.5923
7.27484 1.57035
7.26286 1.5484
7.25089 1.52646
7.23892 1.50451
7.22695 1.48256
7.21498 1.46061
7.203 1.43867
7.19103 1.41672
7.17906 1.39477
7.16709 1.37283
7.15511 1.35088
7.14314 1.32893
7.13117 1.30699
7.1192 1.28504
7.10722 1.26309
7.09525 1.24115
7.08328 1.2192
7.07131 1.19725
7.05934 1.1753
7.04736 1.15336
7.03539 1.13141
7.02342 1.10946
7.01145 1.08752
6.99947 1.06557
6.9875 1.04362
6.97553 1.02168
6.96356 0.999729
6.95159 0.977782
6.93961 0.955835
6.92764 0.933888
6.91567 0.911941
6.9037 0.889995
6.89172 0.868048
6.87975 0.846101
6.86778 0.824154
6.85581 0.802207
6.84384 0.78026
6.83186 0.758313
6.81989 0.736366
6.80792 0.714419
6.79595 0.692472
6.78397 0.670525
6.772 0.648578
6.76003 0.626632
6.74806 0.604685
6.73609 0.582738
6.72411 0.560791
6.71214 0.538844
6.70017 0.516897
6.6882 0.49495
6.67622 0.473003
6.66425 0.451056
6.65228 0.429109
6.64031 0.407162
6.62833 0.385215
6.61636 0.363268
6.60439 0.341322
6.59242 0.319375
6.58045 0.297428
6.56847 0.275481
6.5565 0.253534
6.54453 0.231587
6.53256 0.20964
6.52058 0.187693
6.50861 0.165746
6.49664 0.143799
6.48467 0.121852
6.4727 0.0999054
6.46072 0.0779584
6.44875 0.0560115
6.43678 0.0340645
6.42481 0.0121176
6.41283 0.0273868
6.40086 0.0493338
6.38889 0.0712807
6.37692 0.0932276
6.36495 0.115175
6.35297 0.137122
6.341 0.159068
6.32903 0.181015
6.31706 0.202962
6.31226 0.211756
6.30509 0.224906
6.29311 0.246853
6.28114 0.2688
6.26917 0.290747
6.2572 0.312694
6.24522 0.334641
6.23325 0.356588
6.22128 0.378534
6.20931 0.400481
6.19734 0.422428
6.18536 0.444375
6.17339 0.466322
6.16142 0.488269
6.14945 0.510216
6.13747 0.532163
6.1255 0.55411
6.11353 0.576057
6.10156 0.598004
6.08959 0.619951
6.07761 0.641897
6.06564 0.663844
6.05367 0.685791
6.0417 0.707738
6.02972 0.729685
6.01775 0.751632
6.00578 0.773579
5.99381 0.795526
5.98183 0.817473
5.96986 0.83942
5.95789 0.861367
5.94592 0.883314
5.93395 0.90526
5.92197 0.927207
5.91 0.949154
5.89803 0.971101
5.88606 0.993048
5.87408 1.01499
5.86211 1.03694
5.85014 1.05889
5.83817 1.08084
5.8262 1.10278
5.81422 1.12473
5.80225 1.14668
5.79028 1.16862
5.77831 1.19057
5.76633 1.21252
5.75436 1.23446
5.74239 1.25641
5.73042 1.27836
5.71845 1.3003
5.70647 1.32225
5.6945 1.3442
5.68253 1.36615
5.67056 1.38809
5.65858 1.41004
5.64661 1.43199
5.63464 1.45393
5.62267 1.47588
5.6107 1.49783
5.59872 1.51977
5.58675 1.54172
5.57478 1.56367
5.56281 1.58561
5.55083 1.60756
5.53886 1.62951
5.52689 1.65146
5.51492 1.6734
5.50295 1.69535
5.49097 1.7173
5.479 1.73924
5.46703 1.76119
5.45506 1.78314
5.44308 1.80508
5.43111 1.82703
5.41914 1.84898
5.40717 1.87092
5.39519 1.89287
5.38322 1.91482
5.37125 1.93677
5.35928 1.95871
5.34731 1.98066
5.33533 2.00261
5.32336 2.02455
5.31139 2.0465
5.29942 2.06845
5.28744 2.09039
5.27547 2.11234
5.2635 2.13429
5.25153 2.15623
5.23956 2.17818
5.22758 2.20013
5.21561 2.22208
5.20364 2.24402
5.19167 2.26597
5.17969 2.28792
5.16772 2.30986
5.15575 2.33181
5.14378 2.35376
5.13181 2.3757
5.11983 2.39765
5.10786 2.4196
5.09589 2.44154
5.08392 2.46349
5.07194 2.48544
5.05997 2.50739
5.048 2.52933
5.03603 2.55128
5.02406 2.57323
5.01208 2.59517
5.00011 2.61712
4.98814 2.63907
4.97617 2.66101
4.96419 2.68296
4.95222 2.70491
4.94025 2.72685
4.92828 2.7488
4.9163 2.77075
4.90433 2.7927
4.89236 2.81464
4.88039 2.83659
4.86842 2.85854
4.84447 2.90243
4.8325 2.92438
4.82053 2.94632
4.80855 2.96827
4.79659 2.99021
4.78461 3.01216
4.77264 3.03411
4.76067 3.05605
4.7487 3.078
4.73672 3.09995
4.72475 3.12189
4.71278 3.14384
4.70081 3.16579
4.68883 3.18774
4.67686 3.20969
4.66489 3.23163
4.65292 3.25357
4.64094 3.27553
4.62897 3.29747
4.617 3.31942
4.60503 3.34137
4.59306 3.36331
4.58108 3.38526
4.56911 3.40721
4.55714 3.42915
4.54517 3.45109
4.5332 3.47304
4.52122 3.49499
4.50925 3.51694
4.49728 3.53889
4.48531 3.56083
4.47333 3.58278
4.45163 3.59519
4.42993 3.60761
4.40823 3.62002
4.38653 3.63243
4.36483 3.64484
4.34313 3.65726
4.32143 3.66967
4.29973 3.68208
4.27803 3.6945
4.25633 3.70691
4.23462 3.71932
4.21293 3.73173
4.22614 3.74415
4.24783 3.75656
4.26954 3.76898
4.29123 3.78139
4.31294 3.7938
4.33463 3.80621
4.35634 3.81863
4.37804 3.83104
4.39974 3.84345
4.42144 3.85587
4.44314 3.86828
4.46484 3.88069
4.48654 3.89311
4.50824 3.90552
4.52994 3.91793
4.55164 3.93035
4.57335 3.94276
4.59504 3.95517
4.61675 3.96759
4.63844 3.98
4.66015 3.99241
4.68184 4.00482
4.70355 4.01724
4.72524 4.02965
4.74695 4.04207
4.76865 4.05448
4.79034 4.06689
4.81205 4.0793
4.83375 4.09172
4.85545 4.10413
4.87715 4.11654
4.89885 4.12896
4.92055 4.14137
4.94225 4.15378
4.94225 4.15378
5.02905 4.20344
5.05076 4.21585
5.06746 4.22541
5.09415 4.24067
5.11586 4.25309
5.13756 4.2655
5.15926 4.27791
5.18096 4.29033
5.20266 4.30274
5.22436 4.31515
5.24606 4.32757
5.26776 4.33998
5.28946 4.35239
5.31116 4.36481
5.33286 4.37722
5.35456 4.38963
5.37626 4.40205
5.39796 4.41446
5.41966 4.42687
5.44136 4.43929
5.46307 4.4517
5.48477 4.46411
5.50647 4.47653
5.52817 4.48894
5.54987 4.50135
5.57157 4.51376
5.59327 4.52618
5.61497 4.53859
5.65837 4.56342
5.68007 4.57583
5.70177 4.58825
5.72347 4.60066
5.74517 4.61307
5.76687 4.62548
5.78857 4.6379
5.81028 4.65031
5.83197 4.66272
5.85368 4.67514
5.87537 4.68755
5.89708 4.69996
5.91877 4.71237
5.94048 4.72479
5.96217 4.7372
5.98388 4.74962
6.00558 4.76203
6.02728 4.77444
6.04898 4.78686
6.07068 4.79927
6.09238 4.81168
6.11408 4.82409
6.13578 4.83651
6.15748 4.84892
6.17918 4.86133
6.20088 4.87375
6.22258 4.88616
6.24428 4.89857
6.26598 4.91099
6.28768 4.9234
6.30939 4.93581
6.33109 4.94823
6.35279 4.96064
6.37449 4.97305
6.39619 4.98547
6.41789 4.99788
6.43959 5.01029
6.46129 5.0227
6.48299 5.03512
6.50469 5.04753
6.52639 5.05994
6.54809 5.07236
6.56979 5.08477
6.59149 5.09718
6.61319 5.1096
6.63489 5.12201
6.6566 5.13442
6.6783 5.14684
6.7 5.15925
6.7217 5.17166
6.7434 5.18408
6.7651 5.19649
6.7868 5.2089
6.8085 5.22132
6.8302 5.23373
6.8519 5.24614
6.8736 5.25855
6.8953 5.27097
6.917 5.28338
6.9387 5.29579
6.9604 5.30821
6.9821 5.32062
7.0038 5.33303
7.0255 5.34545
7.0472 5.35786
7.0689 5.37027
7.0906 5.38269
7.1123 5.3951
7.134 5.40751
7.1557 5.41992
7.17741 5.43234
7.19911 5.44475
7.22081 5.45716
7.24251 5.46958
7.26421 5.48199
7.28591 5.4944
7.30761 5.50682
7.32931 5.51923
7.35101 5.53164
7.37271 5.54406
7.39441 5.55647
7.41611 5.56888