-3.30217 22.25
-3.32387 22.2624
-3.34557 22.2748
-3.36727 22.2872
-3.38897 22.2997
-3.41067 22.3121
-3.43237 22.3245
-3.45408 22.3369
-3.47578 22.3493
-3.49748 22.3617
-3.51918 22.3741
-3.54088 22.3866
-3.56258 22.399
-3.58428 22.4114
-3.60598 22.4238
-3.62768 22.4362
-3.64938 22.4486
-3.67108 22.461
-3.69278 22.4734
-3.71448 22.4859
-3.73618 22.4983
-3.75788 22.5107
-3.77959 22.5231
-3.80129 22.5355
-3.82299 22.5479
-3.84469 22.5603
-3.86639 22.5728
-3.88809 22.5852
-3.90979 22.5976
-3.93149 22.61
-3.95319 22.6224
-3.97489 22.6348
-3.99659 22.6472
-4.01829 22.6596
-4.03999 22.6721
-4.06169 22.6845
-4.08339 22.6969
-4.10509 22.7093
-4.12679 22.7217
-4.14849 22.7341
-4.17019 22.7465
-4.19189 22.7589
-4.21359 22.7714
-4.23529 22.7838
-4.25699 22.7962
-4.27869 22.8086
-4.30039 22.821
-4.32209 22.8334
-4.34379 22.8458
-4.3655 22.8583
-4.3872 22.8707
-4.4089 22.8831
-4.4306 22.8955
-4.4523 22.9079
-4.474 22.9203
-4.4957 22.9327
-4.5174 22.9451
-4.5391 22.9576
-4.5608 22.97
-4.5825 22.9824
-4.6042 22.9948
-4.6259 23.0072
-4.6476 23.0196
-4.6693 23.032
-4.69101 23.0445
-4.71271 23.0569
-4.73441 23.0693
-4.75611 23.0817
-4.77781 23.0941
-4.79951 23.1065
-4.82121 23.1189
-4.84291 23.1313
-4.86461 23.1438
-4.88631 23.1562
-4.90801 23.1686
-4.92971 23.181
-4.95141 23.1934
-4.97311 23.2058
-4.99481 23.2182
-5.01652 23.2306
-5.03822 23.2431
-5.06154 23.2341
-5.08486 23.2251
-5.10818 23.216
-5.13151 23.207
-5.15483 23.198
-5.17815 23.189
-5.20148 23.18
-5.2248 23.171
-5.24812 23.162
-5.27144 23.153
-5.29477 23.144
-5.31809 23.135
-5.34141 23.126
-5.36473 23.117
-5.38806 23.108
-5.41137 23.099
-5.4347 23.09
-5.45802 23.081
-5.48134 23.072
-5.50466 23.063
-5.52799 23.054
-5.55131 23.045
-5.57463 23.036
-5.59796 23.027
-5.62128 23.018
-5.6446 23.009
-5.66792 23.0
-5.69125 22.991
-5.71457 22.982
-5.73789 22.973
-5.76121 22.964
-5.78454 22.955
-5.80786 22.946
-5.83118 22.9369
-5.8545 22.9279
-5.87783 22.9189
-5.90115 22.9099
-5.92447 22.9009
-5.9478 22.8919
-5.97112 22.8829
-5.99444 22.8739
-6.01776 22.8649
-6.04109 22.8559
-6.06441 22.8469
-6.08773 22.8379
-6.11105 22.8289
-6.13438 22.8199
-6.1577 22.8109
-6.18102 22.8019
-6.20435 22.7929
-6.22767 22.7839
-6.25099 22.7749
-6.27431 22.7659
-6.29764 22.7569
-6.32096 22.7479
-6.34428 22.7389
-6.3676 22.7299
-6.39092 22.7209
-6.41424 22.7119
-6.43756 22.7029
-6.46089 22.6939
-6.48421 22.6849
-6.50753 22.6759
-6.53085 22.6669
-6.55418 22.6578
-6.5775 22.6488
-6.60082 22.6398
-6.62415 22.6308
-6.64747 22.6218
-6.67079 22.6128
-6.69411 22.6038
-6.71744 22.5948
-6.74076 22.5858
-6.76408 22.5768
-6.7874 22.5678
-6.81073 22.5588
-6.83405 22.5498
-6.85737 22.5408
-6.88069 22.5318
-6.90402 22.5228
-6.92734 22.5138
-6.95066 22.5048
-6.97399 22.4958
-6.99731 22.4868
-7.02063 22.4778
-7.04395 22.4688
-7.06728 22.4598
-7.0906 22.4508
-7.11392 22.4418
-7.13724 22.4328
-7.16057 22.4238
-7.18389 22.4148
-7.20721 22.4058
-7.23053 22.3968
-7.25386 22.3877
-7.27718 22.3787
-7.3005 22.3697
-7.32383 22.3607
-7.34715 22.3517
-7.37047 22.3427
-7.39379 22.3337
-7.41712 22.3247
-7.44044 22.3157
-7.46376 22.3067
-7.48708 22.2977
-7.51041 22.2887
-7.53373 22.2797
-7.55705 22.2707
-7.58038 22.2617
-7.6037 22.2527
-7.62702 22.2437
-7.65034 22.2347
-7.67367 22.2257
-7.69699 22.2167
-7.72031 22.2077
-7.74363 22.1987
-7.76696 22.1897
-7.79028 22.1807
-7.81359 22.1717
-7.83692 22.1627
-7.86024 22.1537
-7.88356 22.1447
-7.90688 22.1357
-7.93021 22.1267
-7.95353 22.1177
-7.97685 22.1086
-8.00018 22.0996
-8.0235 22.0906
-8.04682 22.0816
-8.07014 22.0726
-8.09347 22.0636
-8.11679 22.0546
-8.14011 22.0456
-8.16343 22.0366
-8.18676 22.0276
-8.21008 22.0186
-8.2334 22.0096
-8.25672 22.0006
-8.28005 21.9916
-8.30337 21.9826
-8.32669 21.9736
-8.35002 21.9646
-8.37334 21.9556
-8.39666 21.9466
-8.41998 21.9376
-8.44331 21.9286
-8.46663 21.9196
-8.48995 21.9106
-8.51327 21.9016
-8.5366 21.8926
-8.55992 21.8836
-8.58324 21.8746
-8.60657 21.8656
-8.62989 21.8566
-8.65321 21.8476
-8.67653 21.8386
-8.69986 21.8295
-8.72318 21.8205
-8.7465 21.8115
-8.76982 21.8025
-8.79315 21.7935
-8.81647 21.7845
-8.83979 21.7755
-8.86311 21.7665
-8.88644 21.7575
-8.90976 21.7485
-8.93308 21.7395
-8.95641 21.7305
-8.97973 21.7215
-9.00305 21.7125
-9.02637 21.7035
-9.0497 21.6945
-9.07302 21.6855
-9.09634 21.6765
-9.11966 21.6675
-9.14299 21.6585
-9.16631 21.6495
-9.18963 21.6405
-9.21296 21.6315
-9.23627 21.6225
-9.25959 21.6135
-9.28291 21.6045
-9.30624 21.5955
-9.32956 21.5865
-9.35288 21.5775
-9.37621 21.5685
-9.39953 21.5595
-9.42285 21.5504
-9.44617 21.5414
-9.4695 21.5324
-9.49282 21.5234
-9.51614 21.5144
-9.53946 21.5054
-9.56279 21.4964
-9.58611 21.4874
-9.60943 21.4784
-9.63276 21.4694
-9.65608 21.4604
-9.6794 21.4514
-9.70272 21.4424
-9.72605 21.4334
-9.74937 21.4244
-9.77269 21.4154
-9.79601 21.4064
-9.81934 21.3974
-9.84266 21.3884
-9.86598 21.3794
-9.8893 21.3704
-9.91263 21.3614
-9.93595 21.3524
-9.95927 21.3434
-9.9826 21.3344
-10.0059 21.3254
-10.0292 21.3164
-10.0526 21.3074
-10.0759 21.2984
-10.0992 21.2894
-10.1225 21.2803
-10.1459 21.2713
-10.1692 21.2623
-10.1879 21.2551
-10.2158 21.2443
-10.2391 21.2353
-10.2625 21.2263
-10.2858 21.2173
-10.3091 21.2083
-10.3324 21.1993
-10.3558 21.1903
-10.3791 21.1813
-10.4024 21.1723
-10.4257 21.1633
-10.449 21.1543
-10.4724 21.1453
-10.4957 21.1363
-10.519 21.1273
-10.5423 21.1183
-10.5657 21.1093
-10.589 21.1003
-10.6123 21.0913
-10.6356 21.0823
-10.6197 21.1016
-10.6038 21.1209
-10.5879 21.1402
-10.5721 21.1595
-10.5562 21.1788
-10.5403 21.1981
-10.5244 21.2174
-10.5085 21.2367
-10.4926 21.256
-10.4767 21.2753
-10.4608 21.2946
-10.4449 21.3139
-10.429 21.3332
-10.4132 21.3525
-10.3973 21.3718
-10.3814 21.3911
-10.3655 21.4104
-10.3496 21.4297
-10.3337 21.449
-10.3178 21.4683
-10.3019 21.4876
-10.286 21.5069
-10.2701 21.5262
-10.2543 21.5455
-10.2384 21.5648
-10.2225 21.5841
-10.2066 21.6034
-10.1907 21.6227
-10.1748 21.642
-10.1589 21.6613
-10.143 21.6806
-10.1271 21.6999
-10.1112 21.7192
-10.0954 21.7385
-10.0795 21.7578
-10.0636 21.7771
-10.0477 21.7964
-10.0318 21.8157
-10.0159 21.835
-10.0 21.8543
-9.98412 21.8736
-9.96823 21.8929
-9.95234 21.9122
-9.93645 21.9315
-9.92056 21.9508
-9.90467 21.9701
-9.88878 21.9894
-9.87289 22.0087
-9.857 22.028
-9.84111 22.0473
-9.82522 22.0666
-9.80933 22.0859
-9.79344 22.1052
-9.77755 22.1245
-9.76166 22.1438
-9.74577 22.1631
-9.72988 22.1824
-9.71399 22.2017
-9.6981 22.221
-9.6822 22.2403
-9.66631 22.2596
-9.65042 22.2789
-9.63453 22.2982
-9.61864 22.3175
-9.60275 22.3368
-9.58686 22.3561
-9.57097 22.3754
-9.55509 22.3947
-9.5392 22.414
-9.52331 22.4333
-9.50742 22.4526
-9.49153 22.4719
-9.47564 22.4912
-9.45975 22.5105
-9.44386 22.5298
-9.42797 22.5491
-9.41208 22.5684
-9.39619 22.5877
-9.38029 22.607
-9.3644 22.6263
-9.34851 22.6456
-9.33262 22.6649
-9.31673 22.6842
-9.30084 22.7035
-9.28495 22.7228
-9.26906 22.7421
-9.25317 22.7614
-9.23728 22.7807
-9.22139 22.8
-9.2055 22.8193
-9.18961 22.8386
-9.17372 22.8579
-9.15783 22.8772
-9.14194 22.8965
-9.12605 22.9158
-9.11016 22.9351
-9.09427 22.9544
-9.07838 22.9737
-9.06249 22.993
-9.0466 23.0123
-9.03071 23.0316
-9.01482 23.0509
-8.99893 23.0702
-8.98304 23.0895
-8.96715 23.1088
-8.95126 23.1281
-8.93537 23.1474
-8.91948 23.1667
-8.90359 23.186
-8.8877 23.2053
-8.8718 23.2246
-8.85591 23.2439
-8.84002 23.2632
-8.82413 23.2825
-8.80824 23.3018
-8.79235 23.3211
-8.77646 23.3404
-8.76057 23.3597
-8.74468 23.379
-8.72879 23.3983
-8.7129 23.4176
-8.69701 23.4369
-8.68112 23.4562
-8.66523 23.4755
-8.64934 23.4948
-8.63346 23.5141
-8.61757 23.5334
-8.60168 23.5527
-8.58579 23.572
-8.56989 23.5913
-8.554 23.6106
-8.53811 23.6299
-8.52222 23.6492
-8.50633 23.6685
-8.49044 23.6878
-8.47455 23.7071
-8.45866 23.7264
-8.44277 23.7457
-8.42688 23.765
-8.41099 23.7843
-8.3951 23.8036
-8.37921 23.8229
-8.36332 23.8422
-8.34743 23.8615
-8.33154 23.8808
-8.31565 23.9001
-8.29976 23.9194
-8.28387 23.9387
-8.26798 23.958
-8.25209 23.9773
-8.2362 23.9966
-8.22031 24.0159
-8.20442 24.0352
-8.18853 24.0545
-8.17264 24.0738
-8.15675 24.0931
-8.14086 24.1124
-8.12497 24.1317
-8.10908 24.151
-8.09319 24.1703
-8.0773 24.1896
-8.0614 24.2089
-8.04551 24.2282
-8.02962 24.2475
-8.01373 24.2668
-7.99784 24.2861
-7.98195 24.3054
-7.96606 24.3247
-7.95017 24.344
-7.93428 24.3633
-7.91839 24.3826
-7.9025 24.4019
-7.88661 24.4212
-7.87072 24.4405
-7.85483 24.4598
-7.83894 24.4791
-7.82305 24.4984
-7.80716 24.5177
-7.79127 24.537
-7.77538 24.5563
-7.75949 24.5756
-7.7436 24.5949
-7.72771 24.6142
-7.71182 24.6335
-7.69593 24.6528
-7.68638 24.6644
-7.68004 24.6721
-7.66415 24.6914
-7.64826 24.7107
-7.63237 24.73
-7.61648 24.7493
-7.60059 24.7686
-7.5847 24.7879
-7.56881 24.8072
-7.55292 24.8265
-7.53703 24.8458
-7.52114 24.8651
-7.50525 24.8844
-7.48936 24.9037
-7.47347 24.923
-7.45758 24.9423
-7.44169 24.9616
-7.4258 24.9809
-7.40991 25.0002
-7.39402 25.0195
-7.37813 25.0388
-7.36224 25.0581
-7.34635 25.0774
-7.33046 25.0967
-7.31457 25.116
-7.29868 25.1353
-7.28279 25.1546
-7.2669 25.1739
-7.25101 25.1932
-7.23511 25.2125
-7.21922 25.2318
-7.20333 25.2511
-7.18744 25.2704
-7.17155 25.2897
-7.15566 25.309
-7.13977 25.3283
-7.12388 25.3476
-7.10799 25.3669
-7.0921 25.3862
-7.07621 25.4055
-7.06032 25.4248
-7.04443 25.4441
-7.02854 25.4635
-7.01265 25.4828
-6.99676 25.5021
-6.98087 25.5214
-6.96498 25.5407
-6.94909 25.56
-6.9332 25.5793
-6.91731 25.5986
-6.90142 25.6179
-6.88553 25.6372
-6.86964 25.6565
-6.85375 25.6758
-6.83786 25.6951
-6.82197 25.7144
-6.81397 25.738
-6.80597 25.7617
-6.79797 25.7854
-6.78997 25.8091
-6.78196 25.8328
-6.77396 25.8565
-6.76596 25.8801
-6.75796 25.9038
-6.74996 25.9275
-6.74196 25.9512
-6.73395 25.9749
-6.72595 25.9986
-6.71795 26.0223
-6.70995 26.0459
-6.70195 26.0696
-6.69395 26.0933
-6.68594 26.117
-6.67794 26.1407
-6.66994 26.1644
-6.66194 26.188
-6.65394 26.2117
-6.64594 26.2354
-6.63793 26.2591
-6.62993 26.2828
-6.62193 26.3065
-6.61393 26.3302
-6.60593 26.3538
-6.59793 26.3775
-6.58992 26.4012
-6.58192 26.4249
-6.57392 26.4486
-6.56592 26.4723
-6.55792 26.496
-6.54992 26.5196
-6.54191 26.5433
-6.53391 26.567
-6.52591 26.5907
-6.51791 26.6144
-6.50991 26.6381
-6.50191 26.6618
-6.49391 26.6854
-6.4859 26.7091
-6.4779 26.7328
-6.4699 26.7565
-6.4619 26.7802
-6.4539 26.8039
-6.4459 26.8275
-6.43789 26.8512
-6.42989 26.8749
-6.42189 26.8986
-6.41389 26.9223
-6.40589 26.946
-6.39789 26.9697
-6.38989 26.9933
-6.38189 27.017
-6.37388 27.0407
-6.36588 27.0644
-6.35788 27.0881
-6.34988 27.1118
-6.34188 27.1354
-6.33388 27.1591
-6.32587 27.1828
-6.31787 27.2065
-6.30987 27.2302
-6.30187 27.2539
-6.29387 27.2776
-6.28587 27.3012
-6.27786 27.3249
-6.26986 27.3486
-6.26186 27.3723
-6.25386 27.396
-6.24586 27.4197
-6.23786 27.4433
-6.22985 27.467
-6.22185 27.4907
-6.21385 27.5144
-6.20585 27.5381
-6.19785 27.5618
-6.18985 27.5855
-6.18184 27.6091
-6.17384 27.6328
-6.16584 27.6565
-6.15784 27.6802
-6.14984 27.7039
-6.14184 27.7276
-6.13383 27.7513
-6.12583 27.7749
-6.11783 27.7986
-6.10983 27.8223
-6.10183 27.846
-6.09383 27.8697
-6.08582 27.8934
-6.07782 27.9171
-6.06982 27.9407
-6.06182 27.9644
-6.05382 27.9881
-6.04582 28.0118
-6.03781 28.0355
-6.02981 28.0592
-6.02181 28.0828
-6.01381 28.1065
-6.00581 28.1302
-5.99781 28.1539
-5.9898 28.1776
-5.98181 28.2013
-5.9738 28.2249
-5.9658 28.2486
-5.9578 28.2723
-5.9498 28.296
-5.9418 28.3197
-5.9338 28.3434
-5.92579 28.3671
-5.91779 28.3907
-5.90979 28.4144
-5.90179 28.4381
-5.89379 28.4618
-5.88579 28.4855
-5.87778 28.5092
-5.86978 28.5329
-5.86178 28.5565
-5.85378 28.5802
-5.84578 28.6039
-5.83778 28.6276
-5.82977 28.6513
-5.82177 28.675
-5.81377 28.6987
-5.80577 28.7223
-5.79777 28.746
-5.78977 28.7697
-5.78176 28.7934
-5.77376 28.8171
-5.76576 28.8408
-5.75776 28.8644
-5.74976 28.8881
-5.74176 28.9118
-5.73375 28.9355
-5.72575 28.9592
-5.71775 28.9829
-5.70975 29.0066
-5.70175 29.0302
-5.69375 29.0539
-5.68575 29.0776
-5.67774 29.1013
-5.66974 29.125
-5.66174 29.1487
-5.65374 29.1724
-5.64574 29.196
-5.63774 29.2197
-5.62973 29.2434
-5.62173 29.2671
-5.61853 29.2766
-5.61373 29.2908
-5.60573 29.3145
-5.59773 29.3381
-5.58973 29.3618
-5.58173 29.3855
-5.57372 29.4092
-5.56572 29.4329
-5.55772 29.4566
-5.54972 29.4803
-5.54172 29.5039
-5.53372 29.5276
-5.52571 29.5513
-5.51771 29.575
-5.50971 29.5987
-5.50171 29.6224
-5.49371 29.646
-5.48571 29.6697
-5.4777 29.6934
-5.4697 29.7171
-5.4617 29.7408
-5.4537 29.7645
-5.4457 29.7882
-5.4377 29.8118
-5.42969 29.8355
-5.42169 29.8592
-5.41369 29.8829
-5.40569 29.9066
-5.39769 29.9303
-5.38969 29.9539
-5.38169 29.9776
-5.37369 30.0013
-5.36568 30.025
-5.35768 30.0487
-5.34968 30.0724
-5.34168 30.0961
-5.33368 30.1197
-5.32568 30.1434
-5.31767 30.1671
-5.30967 30.1908
-5.30167 30.2145
-5.29367 30.2382
-5.28567 30.2619
-5.27767 30.2855
-5.26966 30.3092
-5.26166 30.3329
-5.25366 30.3566
-5.24566 30.3803
-5.23766 30.404
-5.22966 30.4276
-5.22165 30.4513
-5.21365 30.475
-5.20565 30.4987
-5.19765 30.5224
-5.18965 30.5461
-5.18165 30.5698
-5.17364 30.5934
-5.16564 30.6171
-5.15764 30.6408
-5.14964 30.6645
-5.14164 30.6882
-5.13364 30.7119
-5.12563 30.7356
-5.11763 30.7592
-5.10963 30.7829
-5.10163 30.8066
-5.09363 30.8303
-5.08563 30.854
-5.07762 30.8777
-5.06962 30.9014
-5.06162 30.925
-5.05362 30.9487
-5.04562 30.9724
-5.03762 30.9961
-5.02962 31.0198
-5.02162 31.0435
-5.01361 31.0671
-5.00561 31.0908
-4.99761 31.1145
-4.98961 31.1382
-4.98161 31.1619
-4.97361 31.1856
-4.9656 31.2092
-4.9576 31.2329
-4.9496 31.2566
-4.9416 31.2803
-4.9336 31.304
-4.9256 31.3277
-4.91759 31.3514
-4.90959 31.375
-4.90159 31.3987
-4.89376 31.375
-4.88593 31.3512
-4.8781 31.3275
-4.87027 31.3038
-4.86243 31.28
-4.8546 31.2563
-4.84677 31.2325
-4.83894 31.2088
-4.83111 31.185
-4.82328 31.1613
-4.81545 31.1376
-4.80762 31.1138
-4.79978 31.0901
-4.79195 31.0663
-4.78412 31.0426
-4.77629 31.0189
-4.76846 30.9951
-4.76063 30.9714
-4.7528 30.9476
-4.74497 30.9239
-4.73713 30.9001
-4.7293 30.8764
-4.72147 30.8527
-4.71364 30.8289
-4.70581 30.8052
-4.69798 30.7814
-4.69015 30.7577
-4.68232 30.7339
-4.67448 30.7102
-4.66666 30.6865
-4.65883 30.6627
-4.65099 30.639
-4.64316 30.6152
-4.63533 30.5915
-4.6275 30.5678
-4.61967 30.544
-4.61184 30.5203
-4.60401 30.4965
-4.59618 30.4728
-4.58834 30.4491
-4.58051 30.4253
-4.57268 30.4016
-4.56485 30.3778
-4.55702 30.3541
-4.54919 30.3303
-4.54136 30.3066
-4.53352 30.2829
-4.52569 30.2591
-4.51786 30.2354
-4.51003 30.2116
-4.5022 30.1879
-4.49437 30.1641
-4.48654 30.1404
-4.47871 30.1167
-4.47087 30.0929
-4.46304 30.0692
-4.45521 30.0454
-4.44738 30.0217
-4.43955 29.998
-4.43172 29.9742
-4.42389 29.9505
-4.41606 29.9267
-4.40822 29.903
-4.40039 29.8792
-4.39256 29.8555
-4.38473 29.8318
-4.3769 29.808
-4.36907 29.7843
-4.36124 29.7605
-4.35341 29.7368
-4.34557 29.7131
-4.33774 29.6893
-4.32991 29.6656
-4.32208 29.6418
-4.31425 29.6181
-4.30642 29.5943
-4.29859 29.5706
-4.29076 29.5469
-4.28293 29.5231
-4.2751 29.4994
-4.26727 29.4756
-4.25943 29.4519
-4.2516 29.4282
-4.24377 29.4044
-4.23594 29.3807
-4.22811 29.3569
-4.22028 29.3332
-4.21245 29.3094
-4.20462 29.2857
-4.19678 29.262
-4.18895 29.2382
-4.18112 29.2145
-4.17329 29.1907
-4.16546 29.167
-4.15763 29.1433
-4.1498 29.1195
-4.14197 29.0958
-4.13413 29.072
-4.1263 29.0483
-4.11847 29.0245
-4.11064 29.0008
-4.10281 28.9771
-4.09498 28.9533
-4.08715 28.9296
-4.07932 28.9058
-4.07148 28.8821
-4.06365 28.8583
-4.05582 28.8346
-4.04799 28.8109
-4.04016 28.7871
-4.03233 28.7634
-4.0245 28.7396
-4.01667 28.7159
-4.00883 28.6922
-4.001 28.6684
-3.99317 28.6447
-3.98534 28.6209
-3.97751 28.5972
-3.96968 28.5734
-3.96185 28.5497
-3.95401 28.526
-3.94619 28.5022
-3.93836 28.4785
-3.93052 28.4547
-3.92269 28.431
-3.91486 28.4073
-3.90703 28.3835
-3.8992 28.3598
-3.89137 28.336
-3.88354 28.3123
-3.87571 28.2886
-3.86787 28.2648
-3.86004 28.2411
-3.85221 28.2173
-3.84438 28.1936
-3.83655 28.1698
-3.82872 28.1461
-3.82089 28.1224
-3.81306 28.0986
-3.80522 28.0749
-3.79739 28.0511
-3.78956 28.0274
-3.78173 28.0036
-3.7739 27.9799
-3.76607 27.9562
-3.75824 27.9324
-3.75041 27.9087
-3.74257 27.8849
-3.73474 27.8612
-3.72691 27.8375
-3.71908 27.8137
-3.71125 27.79
-3.70342 27.7662
-3.69559 27.7425
-3.68776 27.7187
-3.67992 27.695
-3.67209 27.6713
-3.66426 27.6475
-3.65643 27.6238
-3.6486 27.6
-3.64077 27.5763
-3.63294 27.5525
-3.62511 27.5288
-3.61727 27.5051
-3.60944 27.4813
-3.60161 27.4576
-3.59378 27.4338
-3.58595 27.4101
-3.57812 27.3864
-3.57029 27.3626
-3.56246 27.3389
-3.55462 27.3151
-3.5468 27.2914
-3.53896 27.2677
-3.53113 27.2439
-3.5233 27.2202
-3.51547 27.1964
-3.50764 27.1727
-3.49981 27.1489
-3.49198 27.1252
-3.48415 27.1015
-3.47631 27.0777
-3.46848 27.054
-3.46065 27.0302
-3.45282 27.0065
-3.44499 26.9828
-3.43716 26.959
-3.42933 26.9353
-3.4215 26.9115
-3.41366 26.8878
-3.40583 26.864
-3.398 26.8403
-3.39017 26.8166
-3.38234 26.7928
-3.37451 26.7691
-3.36668 26.7453
-3.35885 26.7216
-3.35101 26.6978
-3.34318 26.6741
-3.33535 26.6504
-3.32752 26.6266
-3.31969 26.6029
-3.31186 26.5791
-3.30403 26.5554
-3.2962 26.5317
-3.28836 26.5079
-3.28053 26.4842
-3.2727 26.4604
-3.26487 26.4367
-3.25704 26.4129
-3.24921 26.3892
-3.24138 26.3655
-3.23355 26.3417
-3.22571 26.318
-3.21788 26.2942
-3.21005 26.2705
-3.20222 26.2468
-3.19439 26.223
-3.18656 26.1993
-3.17873 26.1755
-3.1709 26.1518
-3.16306 26.128
-3.15523 26.1043
-3.1474 26.0806
-3.13957 26.0568
-3.13174 26.0331
-3.12391 26.0093
-3.11608 25.9856
-3.10825 25.9619
-3.10042 25.9381
-3.09259 25.9144
-3.08475 25.8906
-3.07692 25.8669
-3.06909 25.8431
-3.06126 25.8194
-3.05343 25.7957
-3.0456 25.7719
-3.03777 25.7482
-3.02994 25.7244
-3.0221 25.7007
-2.9976 25.6957
-2.97309 25.6908
-2.94859 25.6859
-2.92408 25.6809
-2.89957 25.676
-2.87507 25.671
-2.85056 25.6661
-2.82606 25.6611
-2.80155 25.6562
-2.77704 25.6512
-2.75254 25.6463
-2.72803 25.6413
-2.70353 25.6364
-2.67902 25.6314
-2.65452 25.6265
-2.63001 25.6215
-2.6055 25.6166
-2.581 25.6117
-2.55649 25.6067
-2.53199 25.6018
-2.50748 25.5968
-2.48297 25.5919
-2.45847 25.5869
-2.43396 25.582
-2.40946 25.577
-2.38495 25.5721
-2.36045 25.5671
-2.33594 25.5622
-2.31143 25.5572
-2.28693 25.5523
-2.26242 25.5473
-2.23792 25.5424
-2.21341 25.5375
-2.1889 25.5325
-2.1644 25.5276
-2.13989 25.5226
-2.11539 25.5177
-2.09088 25.5127
-2.06637 25.5078
-2.04187 25.5028
-2.01736 25.4979
-1.99286 25.4929
-1.96836 25.488
-1.94385 25.483
-1.91935 25.4781
-1.89484 25.4731
-1.87034 25.4682
-1.84583 25.4633
-1.82133 25.4583
-1.79682 25.4534
-1.77231 25.4484
-1.74781 25.4435
-1.7233 25.4385
-1.6988 25.4336
-1.67429 25.4286
-1.64978 25.4237
-1.62528 25.4187
-1.60077 25.4138
-1.57627 25.4088
-1.55176 25.4039
-1.52725 25.3989
-1.50275 25.394
-1.47824 25.389
-1.45374 25.3841
-1.42923 25.3792
-1.40473 25.3742
-1.38022 25.3693
-1.35571 25.3643
-1.33121 25.3594
-1.3067 25.3544
-1.2822 25.3495
-1.25769 25.3445
-1.23318 25.3396
-1.20868 25.3346
-1.18417 25.3297
-1.15967 25.3247
-1.13516 25.3198
-1.11066 25.3148
-1.08615 25.3099
-1.06164 25.305
-1.03713 25.3
-1.01264 25.2951
-0.988132 25.2901
-0.963626 25.2852
-0.93912 25.2802
-0.914614 25.2753
-0.890108 25.2703
-0.865603 25.2654
-0.841097 25.2604
-0.816591 25.2555
-0.792085 25.2505
-0.767579 25.2456
-0.743073 25.2406
-0.718567 25.2357
-0.694062 25.2308
-0.669556 25.2258
-0.64505 25.2209
-0.620544 25.2159
-0.596038 25.211
-0.571532 25.206
-0.547026 25.2011
-0.522521 25.1961
-0.498015 25.1912
-0.473509 25.1862
-0.449003 25.1813
-0.424497 25.1763
-0.399991 25.1714
-0.375485 25.1664
-0.35098 25.1615
-0.326474 25.1566
-0.301968 25.1516
-0.277462 25.1467
-0.252956 25.1417
-0.22845 25.1368
-0.203945 25.1318
-0.179439 25.1269
-0.154933 25.1219
-0.130427 25.117
-0.105921 25.112
-0.0814152 25.1071
-0.0569094 25.1021
-0.0324035 25.0972
-0.00789768 25.0922
0.0166082 25.0873
0.041114 25.0823
0.0656199 25.0774
0.0901257 25.0725
0.114632 25.0675
0.139137 25.0626
0.163643 25.0576
0.188149 25.0527
0.212655 25.0477
0.237161 25.0428
0.261667 25.0378
0.286173 25.0329
0.310678 25.0279
0.335184 25.023
0.35969 25.018
0.384196 25.0131
0.408693 25.0081
0.433199 25.0032
0.457705 24.9983
0.482211 24.9933
0.506716 24.9884
0.531222 24.9834
0.555728 24.9785
0.580234 24.9735
0.60474 24.9686
0.629246 24.9636
0.653752 24.9587
0.678257 24.9537
0.702763 24.9488
0.727269 24.9438
0.751775 24.9389
0.776281 24.9339
0.800787 24.929
0.825293 24.9241
0.849798 24.9191
0.874304 24.9142
0.89881 24.9092
0.923316 24.9043
0.947822 24.8993
0.972328 24.8944
0.996833 24.8894
1.02134 24.8845
1.04585 24.8795
1.07035 24.8746
1.09486 24.8696
1.11936 24.8647
1.14387 24.8597
1.16837 24.8548
1.19288 24.8499
1.21739 24.8449
1.24189 24.84
1.2664 24.835
1.2909 24.8301
1.31541 24.8251
1.33992 24.8202
1.36442 24.8152
1.38893 24.8103
1.41343 24.8053
1.43794 24.8004
1.46244 24.7954
1.48695 24.7905
1.51146 24.7855
1.53596 24.7806
1.56047 24.7756
1.58497 24.7707
1.60948 24.7658
1.63399 24.7608
1.65849 24.7559
1.683 24.7509
1.7075 24.746
1.73201 24.741
1.75651 24.7361
1.78102 24.7311
1.80553 24.7262
1.83003 24.7212
1.85453 24.7163
1.87904 24.7113
1.90354 24.7064
1.92805 24.7014
1.95255 24.6965
1.97706 24.6916
2.00156 24.6866
2.02607 24.6817
2.05058 24.6767
2.07508 24.6718
2.09959 24.6668
2.12409 24.6619
2.1486 24.6569
2.17311 24.652
2.19761 24.647
2.22212 24.6421
2.24662 24.6371
2.27113 24.6322
2.29563 24.6272
2.32014 24.6223
2.34465 24.6174
2.36915 24.6124
2.39366 24.6075
2.41816 24.6025
2.44267 24.5976
2.46718 24.5926
2.49168 24.5877
2.51619 24.5827
2.54069 24.5778
2.5652 24.5728
2.58971 24.5679
2.61421 24.5629
2.63872 24.558
2.66322 24.553
2.68773 24.5481
2.71223 24.5432
2.73674 24.5382
2.76125 24.5333
2.78575 24.5283
2.81026 24.5234
2.83476 24.5184
2.85926 24.5135
2.84957 24.5365
2.83987 24.5596
2.83018 24.5826
2.82048 24.6057
2.81079 24.6287
2.8011 24.6517
2.7914 24.6748
2.78171 24.6978
2.77201 24.7209
2.76232 24.7439
2.75263 24.767
2.74293 24.79
2.73324 24.8131
2.72354 24.8361
2.71385 24.8591
2.70415 24.8822
2.69446 24.9052
2.68477 24.9283
2.67508 24.9513
2.66538 24.9744
2.65569 24.9974
2.64599 25.0204
2.6363 25.0435
2.6266 25.0665
2.61691 25.0896
2.60722 25.1126
2.59752 25.1357
2.58783 25.1587
2.57813 25.1817
2.56844 25.2048
2.55875 25.2278
2.54905 25.2509
2.53936 25.2739
2.52966 25.297
2.51997 25.32
2.51028 25.3431
2.50058 25.3661
2.49089 25.3891
2.48119 25.4122
2.4715 25.4352
2.4618 25.4583
2.45211 25.4813
2.44242 25.5044
2.43272 25.5274
2.42496 25.5459
2.41333 25.5735
2.40364 25.5965
2.39395 25.6196
2.38425 25.6426
2.37456 25.6657
2.36486 25.6887
2.35517 25.7118
2.34547 25.7348
2.33578 25.7579
2.32609 25.7809
2.31639 25.8039
2.3067 25.827
2.297 25.85
2.28731 25.8731
2.27762 25.8961
2.26792 25.9192
2.25823 25.9422
2.24853 25.9652
2.23884 25.9883
2.22914 26.0113
2.21945 26.0344
2.20976 26.0574
2.20006 26.0805
2.19037 26.1035
2.18067 26.1266
2.17098 26.1496
2.16129 26.1726
2.1516 26.1957
2.1419 26.2187
2.13221 26.2418
2.12251 26.2648
2.11282 26.2879
2.10312 26.3109
2.09343 26.3339
2.08374 26.357
2.07404 26.38
2.06435 26.4031
2.05465 26.4261
2.04496 26.4492
2.03527 26.4722
2.02557 26.4953
2.01588 26.5183
2.00618 26.5413
1.99649 26.5644
1.98679 26.5874
1.9771 26.6105
1.96741 26.6335
1.95771 26.6566
1.94802 26.6796
1.93832 26.7027
1.92863 26.7257
1.91894 26.7487
1.90924 26.7718
1.89955 26.7948
1.88985 26.8179
1.88016 26.8409
1.87047 26.864
1.86077 26.887
1.85108 26.9101
1.84138 26.9331
1.83169 26.9561
1.82199 26.9792
1.8123 27.0022
1.80261 27.0253
1.79291 27.0483
1.78322 27.0714
1.77352 27.0944
1.76383 27.1174
1.75414 27.1405
1.74444 27.1635
1.73475 27.1866
1.72505 27.2096
1.71536 27.2327
1.70566 27.2557
1.69597 27.2788
1.68628 27.3018
1.67658 27.3248
1.66689 27.3479
1.65719 27.3709
1.6475 27.394
1.63781 27.417
1.62811 27.4401
1.61842 27.4631
1.60873 27.4861
1.59903 27.5092
1.58934 27.5322
1.57964 27.5553
1.56995 27.5783
1.56026 27.6014
1.55056 27.6244
1.54087 27.6475
1.53117 27.6705
1.52148 27.6935
1.51179 27.7166
1.50209 27.7396
1.4924 27.7627
1.4827 27.7857
1.47301 27.8088
1.46331 27.8318
1.45362 27.8549
1.44393 27.8779
1.43423 27.9009
1.42454 27.924
1.41484 27.947
1.40515 27.9701
1.39546 27.9931
1.38576 28.0162
1.37607 28.0392
1.36637 28.0622
1.35668 28.0853
1.34698 28.1083
1.33729 28.1314
1.3276 28.1544
1.3179 28.1775
1.30821 28.2005
1.29851 28.2236
1.28882 28.2466
1.27913 28.2696
1.26943 28.2927
1.25974 28.3157
1.25004 28.3388
1.24035 28.3618
1.23065 28.3849
1.22096 28.4079
1.21127 28.431
1.20157 28.454
1.19188 28.477
1.18218 28.5001
1.17249 28.5231
1.1628 28.5462
1.1531 28.5692
1.14341 28.5923
1.13372 28.6153
1.12402 28.6383
1.11433 28.6614
1.10463 28.6844
1.09494 28.7075
1.08525 28.7305
1.07555 28.7536
1.06586 28.7766
1.05616 28.7997
1.04647 28.8227
1.03678 28.8457
1.02708 28.8688
1.01739 28.8918
1.00769 28.9149
0.997999 28.9379
0.988305 28.961
0.97861 28.984
0.968916 29.0071
0.959222 29.0301
0.949528 29.0531
0.939834 29.0762
0.93014 29.0992
0.920446 29.1223
0.910751 29.1453
0.901057 29.1684
0.891363 29.1914
0.881669 29.2144
0.871975 29.2375
0.862281 29.2605
0.852587 29.2836
0.842892 29.3066
0.833198 29.3297
0.823504 29.3527
0.81381 29.3758
0.804116 29.3988
0.794422 29.4218
0.784727 29.4449
0.775033 29.4679
0.765339 29.491
0.755645 29.514
0.745951 29.5371
0.736257 29.5601
0.726563 29.5832
0.716868 29.6062
0.707174 29.6292
0.69748 29.6523
0.687786 29.6753
0.678092 29.6984
0.668398 29.7214
0.658707 29.7445
0.649013 29.7675
0.639319 29.7905
0.629625 29.8136
0.61993 29.8366
0.610236 29.8597
0.600542 29.8827
0.590848 29.9058
0.581154 29.9288
0.57146 29.9519
0.561766 29.9749
0.552071 29.9979
0.542377 30.021
0.532683 30.044
0.52382 30.0206
0.514958 29.9973
0.506095 29.9739
0.497232 29.9505
0.488369 29.9271
0.479506 29.9038
0.470644 29.8804
0.461781 29.857
0.452918 29.8336
0.447593 29.8196
0.444054 29.8103
0.435194 29.7869
0.426331 29.7635
0.417468 29.7401
0.408606 29.7168
0.399743 29.6934
0.39088 29.67
0.382017 29.6466
0.373154 29.6233
0.364292 29.5999
0.355429 29.5765
0.346566 29.5531
0.337703 29.5297
0.32884 29.5064
0.319978 29.483
0.311115 29.4596
0.302252 29.4362
0.293389 29.4129
0.284527 29.3895
0.275664 29.3661
0.266801 29.3427
0.257938 29.3194
0.249075 29.296
0.240213 29.2726
0.23135 29.2492
0.222487 29.2259
0.213624 29.2025
0.204761 29.1791
0.195899 29.1557
0.187036 29.1323
0.178173 29.109
0.16931 29.0856
0.160447 29.0622
0.151585 29.0388
0.142722 29.0155
0.133859 28.9921
0.124996 28.9687
0.116133 28.9453
0.107271 28.922
0.0984079 28.8986
0.0895451 28.8752
0.0806823 28.8518
0.0718195 28.8285
0.0629568 28.8051
0.054094 28.7817
0.0452312 28.7583
0.0363684 28.7349
0.0275056 28.7116
0.0186428 28.6882
0.00978001 28.6648
0.000920413 28.6414
-0.00794238 28.6181
-0.0168052 28.5947
-0.025668 28.5713
-0.0345307 28.5479
-0.0433935 28.5246
-0.0522563 28.5012
-0.0611191 28.4778
-0.0699819 28.4544
-0.0788447 28.4311
-0.0877075 28.4077
-0.0965703 28.3843
-0.105433 28.3609
-0.114296 28.3376
-0.123159 28.3142
-0.132021 28.2908
-0.140884 28.2674
-0.149747 28.244
-0.15861 28.2207
-0.167473 28.1973
-0.176335 28.1739
-0.185198 28.1505
-0.194061 28.1272
-0.202924 28.1038
-0.211787 28.0804
-0.220649 28.057
-0.229512 28.0337
-0.238375 28.0103
-0.247238 27.9869
-0.2561 27.9635
-0.264963 27.9402
-0.273826 27.9168
-0.282689 27.8934
-0.291552 27.87
-0.300414 27.8466
-0.309277 27.8233
-0.31814 27.7999
-0.327003 27.7765
-0.335866 27.7531
-0.344728 27.7298
-0.353591 27.7064
-0.362454 27.683
-0.371317 27.6596
-0.380179 27.6363
-0.389042 27.6129
-0.397905 27.5895
-0.406768 27.5661
-0.415631 27.5428
-0.424493 27.5194
-0.433356 27.496
-0.442219 27.4726
-0.451082 27.4492
-0.459941 27.4259
-0.468804 27.4025
-0.477667 27.3791
-0.48653 27.3557
-0.495393 27.3324
-0.504255 27.309
-0.513118 27.2856
-0.521981 27.2622
-0.530844 27.2389
-0.539706 27.2155
-0.548569 27.1921
-0.557432 27.1687
-0.566295 27.1454
-0.575158 27.122
-0.58402 27.0986
-0.592883 27.0752
-0.601746 27.0519
-0.610609 27.0285
-0.619472 27.0051
-0.628334 26.9817
-0.637197 26.9583
-0.64606 26.935
-0.654923 26.9116
-0.663785 26.8882
-0.672648 26.8648
-0.681511 26.8415
-0.690374 26.8181
-0.699237 26.7947
-0.708099 26.7713
-0.716962 26.748
-0.725825 26.7246
-0.734688 26.7012
-0.743551 26.6778
-0.752413 26.6545
-0.761276 26.6311
-0.770139 26.6077
-0.779002 26.5843
-0.787864 26.5609
-0.796727 26.5376
-0.80559 26.5142
-0.814453 26.4908
-0.823316 26.4674
-0.832178 26.4441
-0.841041 26.4207
-0.849904 26.3973
-0.858767 26.3739
-0.86763 26.3506
-0.876492 26.3272
-0.885355 26.3038
-0.894218 26.2804
-0.903081 26.2571
-0.911943 26.2337
-0.920806 26.2103
-0.929669 26.1869
-0.938529 26.1636
-0.947391 26.1402
-0.956254 26.1168
-0.965117 26.0934
-0.97398 26.0701
-0.982843 26.0467
-0.991705 26.0233
-1.00057 25.9999
-1.00943 25.9765
-1.01829 25.9532
-1.02716 25.9298
-1.03602 25.9064
-1.04488 25.883
-1.05374 25.8597
-1.06261 25.8363
-1.07147 25.8129
-1.08033 25.7895
-1.0892 25.7662
-1.09806 25.7428
-1.10692 25.7194
-1.11578 25.696
-1.12465 25.6727
-1.13351 25.6493
-1.14237 25.6259
-1.15124 25.6025
-1.1601 25.5791
-1.16896 25.5558
-1.17782 25.5324
-1.18669 25.509
-1.19555 25.4856
-1.20441 25.4623
-1.21327 25.4389
-1.22214 25.4155
-1.231 25.3921
-1.23986 25.3688
-1.24873 25.3454
-1.25759 25.322
-1.26645 25.2986
-1.27531 25.2753
-1.28418 25.2519
-1.29304 25.2285
-1.3019 25.2051
-1.31077 25.1817
-1.31963 25.1584
-1.32849 25.135
-1.33735 25.1116
-1.34622 25.0882
-1.35508 25.0649
-1.36394 25.0415
-1.36749 25.0321
-1.3728 25.0181
-1.38167 24.9947
-1.39053 24.9714
-1.39939 24.948
-1.40825 24.9246
-1.41712 24.9012
-1.42598 24.8779
-1.43484 24.8545
-1.44371 24.8311
-1.45257 24.8077
-1.46143 24.7844
-1.47029 24.761
-1.47916 24.7376
-1.48802 24.7142
-1.49688 24.6908
-1.50575 24.6675
-1.51461 24.6441
-1.52347 24.6207
-1.53233 24.5973
-1.5412 24.574
-1.55006 24.5506
-1.55892 24.5272
-1.56778 24.5038
-1.57665 24.4805
-1.58551 24.4571
-1.59436 24.4337
-1.57652 24.4162
-1.55868 24.3987
-1.54085 24.3812
-1.52301 24.3636
-1.50517 24.3461
-1.48733 24.3286
-1.46949 24.3111
-1.45165 24.2936
-1.43381 24.2761
-1.41597 24.2586
-1.39813 24.2411
-1.38029 24.2235
-1.36245 24.206
-1.34461 24.1885
-1.32677 24.171
-1.30893 24.1535
-1.29109 24.136
-1.27325 24.1185
-1.25541 24.1009
-1.23757 24.0834
-1.21973 24.0659
-1.20189 24.0484
-1.18405 24.0309
-1.16621 24.0134
-1.14837 23.9959
-1.13053 23.9783
-1.11269 23.9608
-1.09485 23.9433
-1.07701 23.9258
-1.05917 23.9083
-1.04133 23.8908
-1.02349 23.8733
-1.00565 23.8557
-0.987815 23.8382
-0.969975 23.8207
-0.952135 23.8032
-0.934295 23.7857
-0.916456 23.7682
-0.898616 23.7507
-0.880776 23.7331
-0.862936 23.7156
-0.845096 23.6981
-0.827256 23.6806
-0.809416 23.6631
-0.791576 23.6456
-0.773737 23.6281
-0.755897 23.6105
-0.738057 23.593
-0.720217 23.5755
-0.702377 23.558
-0.684537 23.5405
-0.666697 23.523
-0.648857 23.5055
-0.631017 23.4879
-0.613178 23.4704
-0.595338 23.4529
-0.577498 23.4354
-0.559658 23.4179
-0.541818 23.4004
-0.523978 23.3829
-0.506138 23.3653
-0.488298 23.3478
-0.470459 23.3303
-0.452619 23.3128
-0.434779 23.2953
-0.416939 23.2778
-0.399099 23.2603
-0.381259 23.2427
-0.363419 23.2252
-0.345586 23.2077
-0.327746 23.1902
-0.309906 23.1727
-0.292066 23.1552
-0.274226 23.1377
-0.256386 23.1202
-0.238547 23.1026
-0.220707 23.0851
-0.202867 23.0676
-0.185027 23.0501
-0.167187 23.0326
-0.149347 23.0151
-0.131507 22.9976
-0.113667 22.98
-0.0958275 22.9625
-0.0779876 22.945
-0.0601477 22.9275
-0.0423078 22.91
-0.024468 22.8925
-0.00662809 22.875
0.0112118 22.8574
0.0290517 22.8399
0.0468915 22.8224
0.0647314 22.8049
0.0825713 22.7874
0.100411 22.7699
0.118251 22.7524
0.136091 22.7348
0.153931 22.7173
0.171771 22.6998
0.189611 22.6823
0.20745 22.6648
0.22529 22.6473
0.24313 22.6298
0.26097 22.6122
0.27881 22.5947
0.29665 22.5772
0.31449 22.5597
0.33233 22.5422
0.350169 22.5247
0.368009 22.5072
0.385849 22.4896
0.403689 22.4721
0.421529 22.4546
0.439369 22.4371
0.457209 22.4196
0.475049 22.4021
0.492888 22.3846
0.510728 22.367
0.528568 22.3495
0.546408 22.332
0.564248 22.3145
0.582088 22.297
0.599928 22.2795
0.617768 22.262
0.635607 22.2444
0.653447 22.2269
0.671287 22.2094
0.689127 22.1919
0.706967 22.1744
0.724807 22.1569
0.742647 22.1394
0.760487 22.1218
0.778326 22.1043
0.796166 22.0868
0.814 22.0693
0.83184 22.0518
0.84968 22.0343
0.867519 22.0168
0.885359 21.9993
0.903199 21.9817
0.921039 21.9642
0.938879 21.9467
0.956719 21.9292
0.974559 21.9117
0.992399 21.8942
1.01024 21.8767
1.02808 21.8591
1.04592 21.8416
1.06376 21.8241
1.0816 21.8066
1.09944 21.7891
1.11728 21.7716
1.13512 21.7541
1.15296 21.7365
1.1708 21.719
1.18864 21.7015
1.20648 21.684
1.22432 21.6665
1.24216 21.649
1.26 21.6315
1.27784 21.6139
1.29568 21.5964
1.31352 21.5789
1.33136 21.5614
1.3492 21.5439
1.36704 21.5264
1.38488 21.5089
1.40272 21.4913
1.42056 21.4738
1.4384 21.4563
1.45624 21.4388
1.47408 21.4213
1.49191 21.4038
1.50975 21.3863
1.52759 21.3687
1.54543 21.3512
1.56327 21.3337
1.58111 21.3162
1.59895 21.2987
1.6168 21.2812
1.63464 21.2637
1.65248 21.2461
1.67032 21.2286
1.68816 21.2111
1.70599 21.1936
1.72383 21.1761
1.74167 21.1586
1.75951 21.1411
1.77735 21.1236
1.79519 21.106
1.81303 21.0885
1.83087 21.071
1.84871 21.0535
1.86655 21.036
1.88439 21.0185
1.90223 21.001
1.92007 20.9834
1.93791 20.9659
1.95575 20.9484
1.97359 20.9309
1.99143 20.9134
2.00927 20.8959
2.02711 20.8784
2.04495 20.8608
2.06279 20.8433
2.08063 20.8258
2.09847 20.8083
2.11631 20.7908
2.13415 20.7733
2.15199 20.7558
2.16983 20.7382
2.18766 20.7207
2.2055 20.7032
2.22334 20.6857
2.24118 20.6682
2.25902 20.6507
2.27686 20.6332
2.2947 20.6156
2.31254 20.5981
2.33038 20.5806
2.34822 20.5631
2.36606 20.5456
2.3839 20.5281
2.40174 20.5106
2.41958 20.493
2.43742 20.4755
2.45526 20.458
2.4731 20.4405
2.49094 20.423
2.50878 20.4055
2.52662 20.388
2.54446 20.3704
2.5623 20.3529
2.58014 20.3354
2.59798 20.3179
2.61582 20.3004
2.63366 20.2829
2.6515 20.2654
2.66934 20.2478
2.68718 20.2303
2.7069 20.215
2.72661 20.1996
2.74633 20.1842
2.76605 20.1688
2.78576 20.1535
2.80548 20.1381
2.8252 20.1227
2.84491 20.1074
2.86463 20.092
2.88435 20.0766
2.90406 20.0613
2.92378 20.0459
2.94349 20.0305
2.96321 20.0151
2.98293 19.9998
3.00264 19.9844
3.02236 19.969
3.04208 19.9537
3.06179 19.9383
3.08151 19.9229
3.10122 19.9075
3.12093 19.8922
3.14065 19.8768
3.16037 19.8614
3.18008 19.8461
3.1998 19.8307
3.21952 19.8153
3.23923 19.7999
3.25895 19.7846
3.27867 19.7692
3.29838 19.7538
3.3181 19.7385
3.33781 19.7231
3.35753 19.7077
3.37725 19.6923
3.39696 19.677
3.41668 19.6616
3.4364 19.6462
3.45611 19.6309
3.47583 19.6155
3.49555 19.6001
3.51526 19.5848
3.53498 19.5694
3.55469 19.554
3.57441 19.5386
3.59413 19.5233
3.61384 19.5079
3.63356 19.4925
3.65328 19.4772
3.67299 19.4618
3.69271 19.4464
3.71243 19.431
3.73214 19.4157
3.75186 19.4003
3.77157 19.3849
3.79129 19.3696
3.81101 19.3542
3.83072 19.3388
3.85044 19.3234
3.87016 19.3081
3.88987 19.2927
3.90959 19.2773
3.92931 19.262
3.94902 19.2466
3.96874 19.2312
3.98845 19.2158
4.00817 19.2005
4.02789 19.1851
4.0476 19.1697
4.06732 19.1544
4.08704 19.139
4.10675 19.1236
4.12647 19.1082
4.14618 19.0929
4.1659 19.0775
4.18562 19.0621
4.20533 19.0468
4.22505 19.0314
4.24477 19.016
4.26448 19.0006
4.2842 18.9853
4.30392 18.9699
4.32363 18.9545
4.34335 18.9392
4.36306 18.9238
4.38278 18.9084
4.4025 18.8931
4.42221 18.8777
4.44193 18.8623
4.46165 18.8469
4.48136 18.8316
4.50108 18.8162
4.5208 18.8008
4.54051 18.7855
4.56023 18.7701
4.57994 18.7547
4.59966 18.7393
4.61937 18.724
4.63909 18.7086
4.6588 18.6932
4.67852 18.6779
4.69824 18.6625
4.71795 18.6471
4.73767 18.6317
4.75738 18.6164
4.7771 18.601
4.79682 18.5856
4.81653 18.5703
4.83625 18.5549
4.85597 18.5395
4.87568 18.5241
4.8954 18.5088
4.91512 18.4934
4.93483 18.478
4.95455 18.4627
4.97426 18.4473
4.99398 18.4319
5.0137 18.4166
5.03341 18.4012
5.05313 18.3858
5.07285 18.3704
5.09256 18.3551
5.11228 18.3397
5.132 18.3243
5.15171 18.309
5.17143 18.2936
5.19114 18.2782
5.21086 18.2628
5.23058 18.2475
5.25029 18.2321
5.27001 18.2167
5.28973 18.2014
5.30944 18.186
5.32916 18.1706
5.34888 18.1552
5.36859 18.1399
5.38831 18.1245
5.40802 18.1091
5.42774 18.0938
5.44746 18.0784
5.46717 18.063
5.48689 18.0476
5.50661 18.0323
5.52632 18.0169
5.54604 18.0015
5.56576 17.9862
5.58547 17.9708
5.60519 17.9554
5.62491 17.94
5.64462 17.9247
5.66433 17.9093
5.68405 17.8939
5.70376 17.8786
5.72348 17.8632
5.7432 17.8478
5.76291 17.8325
5.78263 17.8171
5.80235 17.8017
5.82206 17.7863
5.84178 17.771
5.8615 17.7556
5.88121 17.7402
5.90093 17.7249
5.92064 17.7095
5.94036 17.6941
5.96008 17.6787
5.97979 17.6634
5.99951 17.648
6.01923 17.6326
6.03894 17.6173
6.05866 17.6019
6.07838 17.5865
6.09809 17.5711
6.11781 17.5558
6.13752 17.5404
6.15724 17.525
6.17696 17.5097
6.19667 17.4943
6.21639 17.4789
6.23611 17.4635
6.25582 17.4482
6.27554 17.4328
6.29526 17.4174
6.31497 17.4021
6.33469 17.3867
6.3544 17.3713
6.37412 17.3559
6.39384 17.3406
6.41355 17.3252
6.43327 17.3098
6.45299 17.2945
6.4727 17.2791
6.49242 17.2637
6.51214 17.2484
6.53185 17.233
6.55157 17.2176
6.57128 17.2022
6.591 17.1869
6.61072 17.1715
6.63043 17.1561
6.65015 17.1408
6.66987 17.1254
6.68958 17.11
6.7093 17.0946
6.72902 17.0793
6.74873 17.0639
6.76845 17.0485
6.78816 17.0332
6.80788 17.0178
6.8276 17.0024
6.84731 16.987
6.86703 16.9717
6.88675 16.9563
6.90646 16.9409
6.92618 16.9256
6.94589 16.9102
6.96561 16.8948
6.98533 16.8794
7.00504 16.8641
7.02476 16.8487
7.04448 16.8333
7.06419 16.818
7.08391 16.8026
7.10363 16.7872
7.12334 16.7718
7.14306 16.7565
7.16277 16.7411
7.18249 16.7257
7.20221 16.7104
7.22192 16.695
7.24164 16.6796
7.26136 16.6642
7.28107 16.6489
7.30078 16.6335
7.3205 16.6181
7.34021 16.6028
7.35993 16.5874
7.37965 16.572
7.39936 16.5567
7.41908 16.5413
7.4406 16.554
7.46212 16.5667
7.48364 16.5795
7.50516 16.5922
7.52668 16.6049
7.5482 16.6176
7.56972 16.6304
7.59124 16.6431
7.61276 16.6558
7.63428 16.6685
7.6558 16.6813
7.67731 16.694
7.69883 16.7067
7.72035 16.7194
7.74187 16.7322
7.76339 16.7449
7.78491 16.7576
7.80643 16.7703
7.82795 16.7831
7.84947 16.7958
7.87099 16.8085
7.89251 16.8212
7.91403 16.834
7.93555 16.8467
7.95707 16.8594
7.97859 16.8721
8.00011 16.8848
8.02163 16.8976
8.04315 16.9103
8.06467 16.923
8.08619 16.9357
8.10771 16.9485
8.12923 16.9612
8.15074 16.9739
8.17226 16.9866
8.19378 16.9994
8.2153 17.0121
8.23682 17.0248
8.25834 17.0375
8.27986 17.0503
8.30138 17.063
8.3229 17.0757
8.34442 17.0884
8.36594 17.1012
8.38746 17.1139
8.40898 17.1266
8.4305 17.1393
8.45202 17.1521
8.47354 17.1648
8.49506 17.1775
8.51658 17.1902
8.5381 17.203
8.55962 17.2157
8.58114 17.2284
8.60266 17.2411
8.62417 17.2539
8.64569 17.2666
8.66721 17.2793
8.68873 17.292
8.71025 17.3048
8.73177 17.3175
8.75329 17.3302
8.77481 17.3429
8.79633 17.3557
8.81785 17.3684
8.83937 17.3811
8.86089 17.3938
8.88241 17.4066
8.90393 17.4193
8.92545 17.432
8.94697 17.4447
8.96849 17.4575
8.99001 17.4702
9.01153 17.4829
9.03304 17.4956
9.05456 17.5083
9.07608 17.5211
9.0976 17.5338
9.11912 17.5465
9.14064 17.5592
9.16216 17.572
9.18368 17.5847
9.20519 17.5974
9.22671 17.6101
9.24823 17.6229
9.26975 17.6356
9.29127 17.6483
9.31279 17.661
9.33431 17.6738
9.35583 17.6865
9.37735 17.6992
9.39887 17.7119
9.42039 17.7247
9.44191 17.7374
9.46343 17.7501
9.48495 17.7628
9.50647 17.7756
9.52799 17.7883
9.54951 17.801
9.57103 17.8137
9.59255 17.8265
9.61407 17.8392
9.63559 17.8519
9.65711 17.8646
9.67862 17.8774
9.70014 17.8901
9.72166 17.9028
9.74318 17.9155
9.76042 17.9257
9.78622 17.941
9.80774 17.9537
9.82926 17.9664
9.85078 17.9792
9.8723 17.9919
9.89382 18.0046
9.91534 18.0173
9.93686 18.0301
9.95838 18.0428
9.9799 18.0555
10.0014 18.0682
10.0229 18.081
10.0445 18.0937
10.066 18.1064
10.0875 18.1191
10.109 18.1319
10.1305 18.1446
10.1521 18.1573
10.1736 18.17
10.1951 18.1828
10.2166 18.1955
10.2381 18.2082
10.2597 18.2209
10.2812 18.2337
10.3027 18.2464
10.3242 18.2591
10.3457 18.2718
10.3673 18.2845
10.3888 18.2973
10.4103 18.31
10.4318 18.3227
10.4533 18.3354
10.4748 18.3482
10.4964 18.3609
10.5179 18.3736
10.5394 18.3863
10.5609 18.3991
10.5824 18.4118
10.604 18.4245
10.6255 18.4372
10.647 18.45
10.6685 18.4627
10.69 18.4754
10.7116 18.4881
10.7331 18.5009
10.7546 18.5136
10.7761 18.5263
10.7976 18.539
10.8192 18.5518
10.8407 18.5645
10.8622 18.5772
10.8837 18.5899
10.9052 18.6027
10.9268 18.6154
10.9483 18.6281
10.9698 18.6408
10.9913 18.6536
11.0128 18.6663
11.0344 18.679
11.0559 18.6917
11.0774 18.7045
11.0989 18.7172
11.1204 18.7299
11.1419 18.7426
11.1635 18.7554
11.185 18.7681
11.2065 18.7808
11.228 18.7935
11.2495 18.8063
11.2711 18.819
11.2926 18.8317
11.3141 18.8444
11.3356 18.8572
11.3571 18.8699
11.3787 18.8826
11.4002 18.8953
11.4217 18.908
11.4432 18.9208
11.4647 18.9335
11.4863 18.9462
11.5078 18.9589
11.5293 18.9717
11.5508 18.9844
11.5723 18.9971
11.5939 19.0098
11.6154 19.0226
11.6369 19.0353
11.6584 19.048
11.6799 19.0607
11.7015 19.0735
11.723 19.0862
11.7445 19.0989
11.766 19.1116
11.7875 19.1244
11.8091 19.1371
11.8306 19.1498
11.8521 19.1625
11.8736 19.1753
11.8951 19.188
11.9167 19.2007
11.9382 19.2134
11.9597 19.2262
11.9812 19.2389
12.0027 19.2516
12.0242 19.2643
12.0458 19.2771
12.0673 19.2898
12.0888 19.3025
12.1103 19.3152
12.1318 19.328
12.1534 19.3407
12.1749 19.3534
12.1964 19.3661
12.2179 19.3789
12.2394 19.3916
12.261 19.4043
12.2825 19.417
12.304 19.4298
12.3255 19.4425
12.347 19.4552
12.3686 19.4679
12.3901 19.4806
12.4116 19.4934
12.4331 19.5061
12.4546 19.5188
12.4762 19.5315
12.4977 19.5443
12.5192 19.557
12.5407 19.5697
12.5622 19.5824
12.5838 19.5952
12.608 19.6012
12.6323 19.6073
12.6565 19.6134
12.6808 19.6194
12.705 19.6255
12.7293 19.6316
12.7535 19.6376
12.7778 19.6437
12.802 19.6497
12.8263 19.6558
12.8505 19.6619
12.8748 19.6679
12.899 19.674
12.9233 19.6801
12.9476 19.6861
12.9718 19.6922
12.9961 19.6983
13.0203 19.7043
13.0446 19.7104
13.0688 19.7164
13.0931 19.7225
13.1173 19.7286
13.1416 19.7346
13.1658 19.7407
13.1901 19.7468
13.2143 19.7528
13.2386 19.7589
13.2629 19.765
13.2871 19.771
13.3114 19.7771
13.3356 19.7832
13.3599 19.7892
13.3841 19.7953
13.4084 19.8013
13.4326 19.8074
13.4569 19.8135
13.4811 19.8195
13.5054 19.8256
13.5296 19.8317
13.5539 19.8377
13.5781 19.8438
13.6024 19.8499
13.6266 19.8559
13.6509 19.862
13.6752 19.868
13.6994 19.8741
13.7237 19.8802
13.7479 19.8862
13.7722 19.8923
13.7964 19.8984
13.8207 19.9044
13.8449 19.9105
13.8692 19.9166
13.8934 19.9226
13.9177 19.9287
13.9419 19.9347
13.9662 19.9408
13.9905 19.9469
14.0147 19.9529
14.039 19.959
14.0632 19.9651
14.0875 19.9711
14.1117 19.9772
14.136 19.9833
14.1602 19.9893
14.1845 19.9954
14.2087 20.0015
14.233 20.0075
14.2572 20.0136
14.2815 20.0196
14.3057 20.0257
14.33 20.0318
14.3543 20.0378
14.3688 20.0415
14.3785 20.0439
14.4028 20.05
14.427 20.056
14.4513 20.0621
14.4755 20.0682
14.4998 20.0742
14.524 20.0803
14.5483 20.0863
14.5725 20.0924
14.5968 20.0985
14.621 20.1045
14.6453 20.1106
14.6695 20.1167
14.6938 20.1227
14.7181 20.1288
14.7423 20.1349
14.7666 20.1409
14.7908 20.147
14.8151 20.153
14.8393 20.1591
14.8636 20.1652
14.8878 20.1712
14.9121 20.1773
14.9363 20.1834
14.9606 20.1894
14.9848 20.1955
15.0091 20.2016
15.0333 20.2076
15.0576 20.2137
15.0819 20.2198
15.1061 20.2258
15.1304 20.2319
15.1546 20.2379
15.1789 20.244
15.2031 20.2501
15.2274 20.2561
15.2516 20.2622
15.2759 20.2683
15.3001 20.2743
15.3244 20.2804
15.3486 20.2865
15.3729 20.2925
15.3972 20.2986
15.4214 20.3046
15.4457 20.3107
15.4699 20.3168
15.4942 20.3228
15.5184 20.3289
15.5427 20.335
15.5669 20.341
15.5912 20.3471
15.6154 20.3532
15.6397 20.3592
15.6639 20.3653
15.6882 20.3714
15.7124 20.3774
15.7367 20.3835
15.761 20.3895
15.7852 20.3956
15.8095 20.4017
15.8337 20.4077
15.858 20.4138
15.8822 20.4199
15.9065 20.4259
15.9307 20.432
15.955 20.4381
15.9792 20.4441
16.0035 20.4502
16.0277 20.4562
16.052 20.4623
16.0762 20.4684
16.1005 20.4744
16.1248 20.4805
16.149 20.4866
16.1733 20.4926
16.1975 20.4987
16.2218 20.5048
16.246 20.5108
16.2703 20.5169
16.2945 20.5229
16.3188 20.529
16.343 20.5351
16.3673 20.5411
16.3915 20.5472
16.4158 20.5533
16.44 20.5593
16.4643 20.5654
16.4886 20.5715
16.5128 20.5775
16.5371 20.5836
16.5613 20.5897
16.5856 20.5957
16.6098 20.6018
16.6341 20.6078
16.6583 20.6139
16.6826 20.62
16.7068 20.626
16.7311 20.6321
16.7553 20.6382
16.7796 20.6442
16.8039 20.6503
16.8281 20.6564
16.8524 20.6624
16.8766 20.6685
16.9009 20.6745
16.9251 20.6806
16.9494 20.6867
16.9736 20.6927
16.9979 20.6988
17.0221 20.7049
17.0464 20.7109
17.0706 20.717
17.0949 20.7231
17.1191 20.7291
17.1434 20.7352
17.1676 20.7412
17.1919 20.7473
17.2162 20.7534
17.2404 20.7594
17.2647 20.7655
17.2889 20.7716
17.3132 20.7776
17.3374 20.7837
17.3617 20.7898
17.3859 20.7958
17.4102 20.8019
17.4344 20.808
17.4587 20.814
17.4829 20.8201
17.5072 20.8261
17.5315 20.8322
17.5557 20.8383
17.58 20.8443
17.6042 20.8504
17.6285 20.8565
17.6527 20.8625
17.677 20.8686
17.7012 20.8747
17.7255 20.8807
17.7497 20.8868
17.774 20.8928
17.7982 20.8989
17.8225 20.905
17.8467 20.911
17.871 20.9171
17.8953 20.9232
17.9195 20.9292
17.9438 20.9353
17.968 20.9414
17.9923 20.9474
18.0165 20.9535
18.0408 20.9595
18.065 20.9656
18.0893 20.9717
18.1135 20.9777
18.1378 20.9838
18.162 20.9899
18.1863 20.9959
18.2106 21.002
18.2348 21.0081
18.2591 21.0141
18.2833 21.0202
18.3076 21.0263
18.3318 21.0323
18.3561 21.0384
18.3803 21.0444
18.4046 21.0505
18.4166 21.0724
18.4287 21.0943
18.4408 21.1162
18.4528 21.1381
18.4649 21.16
18.477 21.1819
18.4891 21.2038
18.5011 21.2257
18.5132 21.2476
18.5253 21.2694
18.5373 21.2913
18.5494 21.3132
18.5615 21.3351
18.5735 21.357
18.5856 21.3789
18.5977 21.4008
18.6097 21.4227
18.6218 21.4446
18.6339 21.4665
18.646 21.4884
18.658 21.5103
18.6701 21.5322
18.6822 21.5541
18.6942 21.576
18.7063 21.5979
18.7184 21.6198
18.7304 21.6416
18.7425 21.6635
18.7546 21.6854
18.7666 21.7073
18.7787 21.7292
18.7908 21.7511
18.8028 21.773
18.8149 21.7949
18.827 21.8168
18.8391 21.8387
18.8511 21.8606
18.8632 21.8825
18.868 21.8913
18.8753 21.9044
18.8873 21.9263
18.8994 21.9482
18.9115 21.9701
18.9235 21.9919
18.9356 22.0138
18.9477 22.0357
18.9597 22.0576
18.9718 22.0795
18.9839 22.1014
18.9959 22.1233
19.008 22.1452
19.0201 22.1671
19.0322 22.189
19.0442 22.2109
19.0563 22.2328
19.0684 22.2547
19.0804 22.2766
19.0925 22.2985
19.1046 22.3204
19.1166 22.3423
19.1287 22.3641
19.1408 22.386
19.1528 22.4079
19.1649 22.4298
19.177 22.4517
19.1891 22.4736
19.2011 22.4955
19.2132 22.5174
19.2253 22.5393
19.2373 22.5612
19.2494 22.5831
19.2615 22.605
19.2735 22.6269
19.2856 22.6488
19.2977 22.6707
19.3097 22.6926
19.3218 22.7144
19.3339 22.7363
19.3459 22.7582
19.358 22.7801
19.3701 22.802
19.3821 22.8239
19.3942 22.8458
19.4063 22.8677
19.4184 22.8896
19.4304 22.9115
19.4425 22.9334
19.4546 22.9553
19.4666 22.9772
19.4787 22.9991
19.4908 23.021
19.5028 23.0429
19.5149 23.0648
19.527 23.0866
19.539 23.1085
19.5511 23.1304
19.5632 23.1523
19.5753 23.1742
19.5873 23.1961
19.5994 23.218
19.6115 23.2399
19.6235 23.2618
19.6356 23.2837
19.6477 23.3056
19.6597 23.3275
19.6718 23.3494
19.6839 23.3713
19.6959 23.3932
19.708 23.4151
19.7201 23.4369
19.7321 23.4588
19.7442 23.4807
19.7563 23.5026
19.7684 23.5245
19.7804 23.5464
19.7925 23.5683
19.8046 23.5902
19.8166 23.6121
19.8287 23.634
19.8408 23.6559
19.8528 23.6778
19.8649 23.6997
19.877 23.7216
19.889 23.7435
19.9011 23.7654
19.9132 23.7872
19.9252 23.8091
19.9373 23.831
19.9494 23.8529
19.9615 23.8748
19.9735 23.8967
19.9856 23.9186
19.9977 23.9405
20.0097 23.9624
20.0218 23.9843
20.0339 24.0062
20.0459 24.0281
20.058 24.05
20.0701 24.0719
20.0821 24.0938
20.0942 24.1157
20.1063 24.1376
20.1183 24.1594
20.1304 24.1813
20.1425 24.2032
20.1546 24.2251
20.1666 24.247
20.1787 24.2689
20.1908 24.2908
20.2028 24.3127
20.2149 24.3346
20.227 24.3565
20.239 24.3784
20.2511 24.4003
20.2632 24.4222
20.2752 24.4441
20.2873 24.466
20.2994 24.4879
20.3115 24.5098
20.3235 24.5316
20.3356 24.5535
20.3477 24.5754
20.3597 24.5973
20.3718 24.6192
20.3839 24.6411
20.3959 24.663
20.408 24.6849
20.4201 24.7068
20.4321 24.7287
20.4442 24.7506
20.4563 24.7725
20.4683 24.7944
20.4804 24.8163
20.4925 24.8382
20.5046 24.86
20.5166 24.8819
20.5287 24.9038
20.5408 24.9257
20.5528 24.9476
20.5649 24.9695
20.577 24.9914
20.589 25.0133
20.6011 25.0352
20.6132 25.0571
20.6252 25.079
20.6373 25.1009
20.6494 25.1228
20.6614 25.1447
20.6735 25.1666
20.6856 25.1885
20.6977 25.2104
20.7097 25.2322
20.7218 25.2541
20.7339 25.276
20.7459 25.2979
20.758 25.3198
20.7701 25.3417
20.7821 25.3636
20.7942 25.3855
20.8063 25.4074
20.8183 25.4293
20.8304 25.4512
20.8425 25.4731
20.8546 25.495
20.8666 25.5169
20.8787 25.5388
20.8908 25.5607
20.9028 25.5825
20.9149 25.6044
20.927 25.6263
20.939 25.6482
20.9511 25.6701
20.9632 25.692
20.9752 25.7139
20.9873 25.7358
20.9994 25.7577
21.0114 25.7796
21.0235 25.8015
21.0356 25.8234
21.0476 25.8453
21.0597 25.8672
21.0718 25.8891
21.0839 25.911
21.0959 25.9329
21.108 25.9547
21.1201 25.9766
21.1321 25.9985
21.1442 26.0204
21.1563 26.0423
21.1683 26.0642
21.1804 26.0861
21.1925 26.108
21.2045 26.1299
21.2166 26.1518
21.2287 26.1737
21.2408 26.1956
21.2528 26.2175
21.2649 26.2394
21.277 26.2613
21.289 26.2832
21.3011 26.305
21.3191 26.2877
21.3372 26.2704
21.3552 26.2531
21.3732 26.2358
21.3913 26.2185
21.4093 26.2011
21.4273 26.1838
21.4454 26.1665
21.4634 26.1492
21.4814 26.1319
21.4994 26.1146
21.5175 26.0972
21.5355 26.0799
21.5535 26.0626
21.5716 26.0453
21.5896 26.028
21.6076 26.0107
21.6257 25.9933
21.6437 25.976
21.6617 25.9587
21.6798 25.9414
21.6978 25.9241
21.7158 25.9068
21.7338 25.8894
21.7519 25.8721
21.7699 25.8548
21.7879 25.8375
21.806 25.8202
21.824 25.8029
21.842 25.7855
21.8601 25.7682
21.8781 25.7509
21.8961 25.7336
21.9142 25.7163
21.9322 25.699
21.9502 25.6816
21.9683 25.6643
21.9863 25.647
22.0043 25.6297
22.0224 25.6124
22.0404 25.5951
22.0584 25.5777
22.0764 25.5604
22.0945 25.5431
22.1125 25.5258
22.1305 25.5085
22.1486 25.4912
22.1666 25.4738
22.1846 25.4565
22.2027 25.4392
22.2207 25.4219
22.2387 25.4046
22.2568 25.3873
22.2748 25.3699
22.2928 25.3526
22.3109 25.3353
22.3289 25.318
22.3469 25.3007
22.3649 25.2834
22.383 25.266
22.401 25.2487
22.419 25.2314
22.4371 25.2141
22.4551 25.1968
22.4731 25.1795
22.4912 25.1621
22.5092 25.1448
22.5272 25.1275
22.5453 25.1102
22.5633 25.0929
22.5813 25.0756
22.5994 25.0582
22.6174 25.0409
22.6354 25.0236
22.6534 25.0063
22.6715 24.989
22.6895 24.9716
22.7075 24.9543
22.7256 24.937
22.7436 24.9197
22.7616 24.9024
22.7797 24.8851
22.7977 24.8677
22.8157 24.8504
22.8338 24.8331
22.8518 24.8158
22.8698 24.7985
22.8879 24.7812
22.9059 24.7638
22.9239 24.7465
22.942 24.7292
22.96 24.7119
22.978 24.6946
22.996 24.6773
23.0141 24.66
23.0321 24.6426
23.0501 24.6253
23.0682 24.608
23.0862 24.5907
23.1042 24.5734
23.1223 24.556
23.1403 24.5387
23.1583 24.5214
23.1764 24.5041
23.1944 24.4868
23.2124 24.4695
23.2305 24.4521
23.2485 24.4348
23.2665 24.4175
23.2845 24.4002
23.3026 24.3829
23.3206 24.3656
23.3386 24.3482
23.3567 24.3309
23.3747 24.3136
23.3927 24.2963
23.4108 24.279
23.4288 24.2617
23.4468 24.2443
23.4649 24.227
23.4829 24.2097
23.5009 24.1924
23.519 24.1751
23.537 24.1578
23.555 24.1404
23.573 24.1231
23.5911 24.1058
23.6091 24.0885
23.6271 24.0712
23.6452 24.0539
23.6632 24.0365
23.6812 24.0192
23.6993 24.0019
23.7173 23.9846
23.7353 23.9673
23.7534 23.95
23.7714 23.9326
23.7894 23.9153
23.8075 23.898
23.8255 23.8807
23.8435 23.8634
23.8615 23.8461
23.8796 23.8287
23.8976 23.8114
23.9156 23.7941
23.9337 23.7768
23.9517 23.7595
23.9697 23.7422
23.9878 23.7248
24.0058 23.7075
24.0238 23.6902
24.0419 23.6729
24.0599 23.6556
24.0779 23.6383
24.096 23.6209
24.114 23.6036
24.132 23.5863
24.1501 23.569
24.1681 23.5517
24.1861 23.5344
24.2041 23.517
24.2222 23.4997
24.2402 23.4824
24.2582 23.4651
24.2763 23.4478
24.2943 23.4305
24.3123 23.4131
24.3304 23.3958
24.3484 23.3785
24.3664 23.3612
24.3845 23.3439
24.4025 23.3266
24.4205 23.3092
24.4386 23.2919
24.4566 23.2746
24.4746 23.2573
24.4926 23.24
24.5107 23.2227
24.5287 23.2053
24.5467 23.188
24.5648 23.1707
24.5828 23.1534
24.6008 23.1361
24.6189 23.1188
24.6369 23.1014
24.6549 23.0841
24.673 23.0668
24.691 23.0495
24.709 23.0322
24.7271 23.0149
24.7451 22.9975
24.7631 22.9802
24.7811 22.9629
24.7992 22.9456
24.8172 22.9283
24.8352 22.911
24.8533 22.8936
24.8713 22.8763
24.8893 22.859
24.9074 22.8417
24.9254 22.8244
24.9434 22.8071
24.9615 22.7897
24.9795 22.7724
24.9975 22.7551
25.0156 22.7378
25.0336 22.7205
25.0516 22.7032
25.0696 22.6858
25.0877 22.6685
25.1057 22.6512
25.1237 22.6339
25.1418 22.6166
25.1598 22.5993
25.1778 22.5819
25.1959 22.5646
25.2139 22.5473
25.2319 22.53
25.25 22.5127
25.268 22.4954
25.286 22.478
25.3041 22.4607
25.3221 22.4434
25.3401 22.4261
25.3582 22.4088
25.3762 22.3915
25.3942 22.3741
25.4122 22.3568
25.4303 22.3395
25.4483 22.3222
25.4663 22.3049
25.4844 22.2876
25.5024 22.2702
25.5204 22.2529
25.5385 22.2356
25.5565 22.2183
25.5745 22.201
25.5926 22.1836
25.6106 22.1663
25.6286 22.149
25.649 22.1635
25.6694 22.178
25.6898 22.1925
25.7101 22.207
25.7305 22.2215
25.7509 22.2359
25.7713 22.2504
25.7916 22.2649
25.812 22.2794
25.8324 22.2939
25.8528 22.3084
25.8731 22.3228
25.8935 22.3373
25.9139 22.3518
25.9343 22.3663
25.9546 22.3808
25.975 22.3953
25.9954 22.4098
26.0158 22.4242
26.0361 22.4387
26.0565 22.4532
26.0769 22.4677
26.0973 22.4822
26.1176 22.4967
26.138 22.5112
26.1584 22.5256
26.1788 22.5401
26.1991 22.5546
26.2195 22.5691
26.2399 22.5836
26.2603 22.5981
26.2807 22.6125
26.301 22.627
26.3214 22.6415
26.3418 22.656
26.3622 22.6705
26.3825 22.685
26.4029 22.6995
26.4233 22.7139
26.4437 22.7284
26.464 22.7429
26.4844 22.7574
26.5048 22.7719
26.5252 22.7864
26.5455 22.8009
26.5659 22.8153
26.5863 22.8298
26.6067 22.8443
26.627 22.8588
26.6474 22.8733
26.6678 22.8878
26.6882 22.9022
26.7085 22.9167
26.7289 22.9312
26.7493 22.9457
26.7697 22.9602
26.79 22.9747
26.8104 22.9892
26.8308 23.0036
26.8512 23.0181
26.8716 23.0326
26.8919 23.0471
26.9123 23.0616
26.9327 23.0761
26.9531 23.0906
26.9734 23.105
26.9938 23.1195
27.0142 23.134
27.0346 23.1485
27.0549 23.163
27.0753 23.1775
27.0957 23.192
27.1161 23.2064
27.1364 23.2209
27.1568 23.2354
27.1772 23.2499
27.1976 23.2644
27.2179 23.2789
27.2383 23.2934
27.2587 23.3078
27.2791 23.3223
27.2995 23.3368
27.3198 23.3513
27.3402 23.3658
27.3606 23.3803
27.381 23.3947
27.4013 23.4092
27.4217 23.4237
27.4421 23.4382
27.4625 23.4527
27.4828 23.4672
27.5032 23.4817
27.5236 23.4961
27.544 23.5106
27.5643 23.5251
27.5847 23.5396
27.6051 23.5541
27.6255 23.5686
27.6458 23.5831
27.6662 23.5975
27.6866 23.612
27.707 23.6265
27.7273 23.641
27.7477 23.6555
27.7681 23.67
27.7885 23.6844
27.8088 23.6989
27.8292 23.7134
27.8496 23.7279
27.87 23.7424
27.8904 23.7569
27.9107 23.7714
27.9311 23.7858
27.9515 23.8003
27.9719 23.8148
27.9922 23.8293
28.0126 23.8438
28.033 23.8583
28.0534 23.8728
28.0737 23.8872
28.0941 23.9017
28.1145 23.9162
28.1349 23.9307
28.1552 23.9452
28.1756 23.9597
28.196 23.9742
28.2164 23.9886
28.2367 24.0031
28.2571 24.0176
28.2775 24.0321
28.2979 24.0466
28.3182 24.0611
28.3386 24.0755
28.359 24.09
28.3794 24.1045
28.3998 24.119
28.4201 24.1335
28.4405 24.148
28.4609 24.1625
28.4813 24.1769
28.5016 24.1914
28.522 24.2059
28.5424 24.2204
28.5628 24.2349
28.5831 24.2494
28.6035 24.2639
28.6239 24.2783
28.6443 24.2928
28.6646 24.3073
28.685 24.3218
28.7054 24.3363
28.7258 24.3508
28.7461 24.3653
28.7665 24.3797
28.7869 24.3942
28.8073 24.4087
28.8277 24.4232
28.848 24.4377
28.8684 24.4522
28.8888 24.4666
28.9092 24.4811
28.9295 24.4956
28.9499 24.5101
28.9703 24.5246
28.9907 24.5391
29.011 24.5536
29.0314 24.568
29.0518 24.5825
29.0722 24.597
29.0925 24.6115
29.1129 24.626
29.1333 24.6405
29.1496 24.6521
29.174 24.6694
29.1944 24.6839
29.2148 24.6984
29.2352 24.7129
29.2555 24.7274
29.2759 24.7419
29.2963 24.7564
29.3167 24.7708
29.3371 24.7853
29.3574 24.7998
29.3778 24.8143
29.3982 24.8288
29.4186 24.8433
29.4389 24.8577
29.4593 24.8722
29.4797 24.8867
29.5001 24.9012
29.5204 24.9157
29.5408 24.9302
29.5612 24.9447
29.5816 24.9591
29.6019 24.9736
29.6223 24.9881
29.6427 25.0026
29.6631 25.0171
29.6834 25.0316
29.7038 25.0461
29.7242 25.0605
29.7446 25.075
29.7649 25.0895
29.7853 25.104
29.8057 25.1185
29.8261 25.133
29.8464 25.1475
29.8668 25.1619
29.8872 25.1764
29.9076 25.1909
29.928 25.2054
29.9483 25.2199
29.9687 25.2344
29.9891 25.2488
30.0095 25.2633
30.0298 25.2778
30.0502 25.2923
30.0706 25.3068
30.091 25.3213
30.1113 25.3358
30.1317 25.3502
30.1521 25.3647
30.1725 25.3792
30.1928 25.3937
30.2132 25.4082
30.2336 25.4227
30.254 25.4372
30.2743 25.4516
30.2947 25.4661
30.3151 25.4806
30.3355 25.4951
30.3558 25.5096
30.3762 25.5241
30.3966 25.5385
30.417 25.553
30.4373 25.5675
30.4577 25.582
30.4781 25.5965
30.4985 25.611
30.5188 25.6255
30.4969 25.6373
30.4749 25.6492
30.4529 25.6611
30.4309 25.673
30.4089 25.6849
30.3869 25.6968
30.3649 25.7087
30.3429 25.7206
30.3209 25.7325
30.2989 25.7443
30.2769 25.7562
30.2549 25.7681
30.2329 25.78
30.211 25.7919
30.189 25.8038
30.167 25.8157
30.145 25.8276
30.123 25.8395
30.101 25.8513
30.079 25.8632
30.057 25.8751
30.035 25.887
30.013 25.8989
29.991 25.9108
29.969 25.9227
29.9471 25.9346
29.9251 25.9465
29.9031 25.9583
29.8811 25.9702
29.8591 25.9821
29.8371 25.994
29.8151 26.0059
29.7931 26.0178
29.7711 26.0297
29.7491 26.0416
29.7271 26.0535
29.7051 26.0653
29.6831 26.0772
29.6612 26.0891
29.6392 26.101
29.6172 26.1129
29.5952 26.1248
29.5732 26.1367
29.5512 26.1486
29.5292 26.1605
29.5072 26.1723
29.4852 26.1842
29.4632 26.1961
29.4412 26.208
29.4192 26.2199
29.3972 26.2318
29.3753 26.2437
29.3533 26.2556
29.3313 26.2675
29.3093 26.2793
29.2873 26.2912
29.2653 26.3031
29.2433 26.315
29.2213 26.3269
29.1993 26.3388
29.1773 26.3507
29.1553 26.3626
29.1333 26.3745
29.1114 26.3863
29.0894 26.3982
29.0674 26.4101
29.0454 26.422
29.0234 26.4339
29.0014 26.4458
28.9794 26.4577
28.9574 26.4696
28.9354 26.4815
28.9134 26.4933
28.8914 26.5052
28.8694 26.5171
28.8474 26.529
28.8254 26.5409
28.8035 26.5528
28.7815 26.5647
28.7595 26.5766
28.7375 26.5885
28.7155 26.6003
28.6935 26.6122
28.6715 26.6241
28.6495 26.636
28.6275 26.6479
28.6055 26.6598
28.5835 26.6717
28.5615 26.6836
28.5395 26.6955
28.5176 26.7073
28.4956 26.7192
28.4736 26.7311
28.4516 26.743
28.4296 26.7549
28.4076 26.7668
28.3856 26.7787
28.3636 26.7906
28.3416 26.8025
28.3196 26.8143
28.2976 26.8262
28.2756 26.8381
28.2537 26.85
28.2317 26.8619
28.2097 26.8738
28.1877 26.8857
28.1657 26.8976
28.1437 26.9095
28.1217 26.9213
28.0997 26.9332
28.0777 26.9451
28.0557 26.957
28.0337 26.9689
28.0117 26.9808
27.9897 26.9927
27.9678 27.0046
27.9458 27.0165
27.9238 27.0283
27.9018 27.0402
27.8798 27.0521
27.8578 27.064
27.8358 27.0759
27.8138 27.0878
27.7918 27.0997
27.7698 27.1116
27.7478 27.1235
27.7258 27.1353
27.7038 27.1472
27.6819 27.1591
27.6599 27.171
27.6379 27.1829
27.6159 27.1948
27.5939 27.2067
27.5719 27.2186
27.5499 27.2304
27.5279 27.2423
27.5059 27.2542
27.4927 27.2614
27.4839 27.2661
27.4619 27.278
27.4399 27.2899
27.418 27.3018
27.396 27.3137
27.374 27.3256
27.352 27.3374
27.33 27.3493
27.308 27.3612
27.286 27.3731
27.264 27.385
27.242 27.3969
27.22 27.4088
27.198 27.4207
27.176 27.4326
27.154 27.4444
27.1321 27.4563
27.1101 27.4682
27.0881 27.4801
27.0661 27.492
27.0441 27.5039
27.0221 27.5158
27.0001 27.5277
26.9781 27.5396
26.9561 27.5515
26.9341 27.5633
26.9121 27.5752
26.8901 27.5871
26.8681 27.599
26.8462 27.6109
26.8242 27.6228
26.8022 27.6347
26.7802 27.6466
26.7582 27.6585
26.7362 27.6703
26.7142 27.6822
26.6922 27.6941
26.6702 27.706
26.6482 27.7179
26.6262 27.7298
26.6042 27.7417
26.5823 27.7536
26.5603 27.7654
26.5383 27.7773
26.5163 27.7892
26.4943 27.8011
26.4723 27.813
26.4503 27.8249
26.4283 27.8368
26.4063 27.8487
26.3843 27.8606
26.3623 27.8724
26.3403 27.8843
26.3183 27.8962
26.2963 27.9081
26.2744 27.92
26.2524 27.9319
26.2304 27.9438
26.2084 27.9557
26.1864 27.9676
26.1644 27.9794
26.1424 27.9913
26.1204 28.0032
26.0984 28.0151
26.0764 28.027
26.0544 28.0389
26.0324 28.0508
26.0104 28.0627
25.9885 28.0746
25.9665 28.0864
25.9445 28.0983
25.9225 28.1102
25.9005 28.1221
25.8785 28.134
25.8565 28.1459
25.8345 28.1578
25.8125 28.1697
25.7905 28.1816
25.7685 28.1934
25.7465 28.2053
25.7246 28.2172
25.7026 28.2291
25.6806 28.241
25.6586 28.2529
25.6366 28.2648
25.6146 28.2767
25.5926 28.2886
25.5706 28.3004
25.5486 28.3123
25.5266 28.3242
25.5046 28.3361
25.4826 28.348
25.4606 28.3599
25.4387 28.3718
25.4167 28.3837
25.3947 28.3956
25.3727 28.4074
25.3507 28.4193
25.3287 28.4312
25.3067 28.4431
25.2847 28.455
25.2627 28.4669
25.2407 28.4788
25.2649 28.4722
25.289 28.4657
25.3131 28.4592
25.3373 28.4527
25.3614 28.4461
25.3855 28.4396
25.4097 28.4331
25.4338 28.4265
25.4579 28.42
25.4821 28.4135
25.5062 28.407
25.5303 28.4004
25.5545 28.3939
25.5786 28.3874
25.6027 28.3809
25.6269 28.3743
25.651 28.3678
25.6751 28.3613
25.6993 28.3547
25.7234 28.3482
25.7475 28.3417
25.7716 28.3352
25.7958 28.3286
25.8199 28.3221
25.844 28.3156
25.8682 28.309
25.8923 28.3025
25.9164 28.296
25.9406 28.2895
25.9647 28.2829
25.9888 28.2764
26.013 28.2699
26.0371 28.2633
26.0612 28.2568
26.0854 28.2503
26.1095 28.2438
26.1336 28.2372
26.1578 28.2307
26.1819 28.2242
26.206 28.2177
26.2302 28.2111
26.2543 28.2046
26.2784 28.1981
26.3026 28.1915
26.3267 28.185
26.3508 28.1785
26.375 28.172
26.3991 28.1654
26.4232 28.1589
26.4474 28.1524
26.4715 28.1458
26.4956 28.1393
26.5198 28.1328
26.5439 28.1263
26.568 28.1197
26.5922 28.1132
26.6163 28.1067
26.6404 28.1001
26.6646 28.0936
26.6887 28.0871
26.7128 28.0806
26.737 28.074
26.7611 28.0675
26.7852 28.061
26.8094 28.0545
26.8335 28.0479
26.8576 28.0414
26.8818 28.0349
26.9059 28.0283
26.93 28.0218
26.9542 28.0153
26.9783 28.0088
27.0024 28.0022
27.0266 27.9957
27.0507 27.9892
27.0748 27.9826
27.0989 27.9761
27.1231 27.9696
27.1472 27.9631
27.1713 27.9565
27.1955 27.95
27.2196 27.9435
27.2437 27.9369
27.2679 27.9304
27.292 27.9239
27.3161 27.9174
27.3403 27.9108
27.3644 27.9043
27.3885 27.8978
27.4127 27.8912
27.4368 27.8847
27.4609 27.8782
27.4851 27.8717
27.5092 27.8651
27.5333 27.8586
27.5575 27.8521
27.5816 27.8456
27.6057 27.839
27.6299 27.8325
27.654 27.826
27.6781 27.8194
27.7023 27.8129
27.7119 27.8103
27.7264 27.8064
27.7505 27.7999
27.7747 27.7933
27.7988 27.7868
27.8229 27.7803
27.8471 27.7737
27.8712 27.7672
27.8953 27.7607
27.9195 27.7542
27.9436 27.7476
27.9677 27.7411
27.9919 27.7346
28.016 27.728
28.0401 27.7215
28.0643 27.715
28.0884 27.7085
28.1125 27.7019
28.1367 27.6954
28.1608 27.6889
28.1849 27.6823
28.2091 27.6758
28.2332 27.6693
28.2573 27.6628
28.2814 27.6562
28.3056 27.6497
28.3297 27.6432
28.3538 27.6367
28.378 27.6301
28.4021 27.6236
28.4262 27.6171
28.4504 27.6105
28.4745 27.604
28.4986 27.5975
28.5228 27.591
28.5469 27.5844
28.571 27.5779
28.5952 27.5714
28.6193 27.5648
28.6434 27.5583
28.6676 27.5518
28.6917 27.5453
28.7158 27.5387
28.74 27.5322
28.7641 27.5257
28.7882 27.5191
28.8124 27.5126
28.8365 27.5061
28.8606 27.4996
28.8848 27.493
28.9089 27.4865
28.933 27.48
28.9572 27.4735
28.9813 27.4669
29.0054 27.4604
29.0296 27.4539
29.0537 27.4473
29.0778 27.4408
29.102 27.4343
29.1261 27.4278
29.1502 27.4212
29.1744 27.4147
29.1985 27.4082
29.2226 27.4016
29.2467 27.3951
29.2709 27.3886
29.295 27.3821
29.3191 27.3755
29.3433 27.369
29.3674 27.3625
29.3915 27.3559
29.4157 27.3494
29.4398 27.3429
29.4639 27.3364
29.4881 27.3298
29.5122 27.3233
29.5363 27.3168
29.5605 27.3102
29.5846 27.3037
29.6087 27.2972
29.6329 27.2907
29.657 27.2841
29.6811 27.2776
29.7053 27.2711
29.7294 27.2646
29.7535 27.258
29.7777 27.2515
29.8018 27.245
29.8259 27.2384
29.8501 27.2319
29.8742 27.2254
29.8983 27.2189
29.9225 27.2123
29.9466 27.2058
29.9707 27.1993
29.9949 27.1927
30.019 27.1862
30.0431 27.1797
30.0673 27.1732
30.0914 27.1666
30.1155 27.1601
30.1397 27.1536
30.1638 27.147
30.1879 27.1405
30.2121 27.134
30.2362 27.1275
30.2603 27.1209
30.2845 27.1144
30.3086 27.1079
30.3327 27.1014
30.3569 27.0948
30.381 27.0883
30.4051 27.0818
30.4293 27.0752
30.4534 27.0687
30.4775 27.0622
30.5017 27.0557
30.5258 27.0491
30.5499 27.0426
30.574 27.0361
30.5982 27.0295
30.6223 27.023
30.6464 27.0165
30.6706 27.01
30.6947 27.0034
30.7188 26.9969
30.743 26.9904
30.7671 26.9838
30.7912 26.9773
30.8154 26.9708
30.8395 26.9643
30.8636 26.9577
30.8878 26.9512
30.9119 26.9447
30.936 26.9382
30.9602 26.9316
30.9843 26.9251
31.0084 26.9186
31.0326 26.912
31.0081 26.9069
30.9836 26.9017
30.9592 26.8965
30.9347 26.8913
30.9103 26.8862
30.8858 26.881
30.8613 26.8758
30.8369 26.8707
30.8124 26.8655
30.788 26.8603
30.7635 26.8551
30.739 26.85
30.7146 26.8448
30.6901 26.8396
30.6657 26.8344
30.6412 26.8293
30.6168 26.8241
30.5923 26.8189
30.5678 26.8138
30.5434 26.8086
30.5189 26.8034
30.4945 26.7982
30.47 26.7931
30.4455 26.7879
30.4211 26.7827
30.3966 26.7776
30.3722 26.7724
30.3477 26.7672
30.3232 26.762
30.2988 26.7569
30.2743 26.7517
30.2499 26.7465
30.2254 26.7413
30.201 26.7362
30.1765 26.731
30.152 26.7258
30.1276 26.7207
30.1031 26.7155
30.0787 26.7103
30.0542 26.7051
30.0297 26.7
30.0053 26.6948
29.9808 26.6896
29.9564 26.6844
29.9319 26.6793
29.9074 26.6741
29.883 26.6689
29.8585 26.6638
29.8341 26.6586
29.8096 26.6534
29.7851 26.6482
29.7607 26.6431
29.7362 26.6379
29.7118 26.6327
29.6873 26.6275
29.6628 26.6224
29.6384 26.6172
29.6139 26.612
29.5895 26.6069
29.565 26.6017
29.5406 26.5965
29.5161 26.5913
29.4916 26.5862
29.4672 26.581
29.4427 26.5758
29.4183 26.5707
29.3938 26.5655
29.3693 26.5603
29.3449 26.5551
29.3204 26.55
29.296 26.5448
29.2715 26.5396
29.2471 26.5344
29.2226 26.5293
29.1981 26.5241
29.1737 26.5189
29.1492 26.5138
29.1248 26.5086
29.1003 26.5034
