3.99998 2.00001
3.13297 2.49826
3.1113 2.51072
3.08962 2.52317
3.06795 2.53563
3.04627 2.54809
3.02459 2.56054
3.00292 2.573
2.98124 2.58546
2.95957 2.59791
2.93789 2.61037
2.91622 2.62283
2.89454 2.63528
2.87287 2.64774
2.85119 2.6602
2.82951 2.67265
2.80784 2.68511
2.78616 2.69757
2.76449 2.71002
2.74281 2.72248
2.72114 2.73494
2.69946 2.74739
2.67778 2.75985
2.65611 2.77231
2.63443 2.78476
2.61276 2.79722
2.59108 2.80968
2.56941 2.82213
2.54773 2.83459
2.52605 2.84705
2.50438 2.8595
2.4827 2.87196
2.46103 2.88441
2.43935 2.89687
2.41768 2.90933
2.396 2.92178
2.37432 2.93424
2.35265 2.9467
2.33097 2.95915
2.3093 2.97161
2.28762 2.98407
2.26594 2.99653
2.24426 3.00898
2.22259 3.02144
2.20091 3.0339
2.17924 3.04635
2.15756 3.05881
2.13589 3.07127
2.11421 3.08372
2.09253 3.09618
2.07086 3.10864
2.04918 3.12109
2.02751 3.13355
2.00583 3.14601
1.98416 3.15846
1.96248 3.17092
1.9408 3.18338
1.91913 3.19583
1.89745 3.20829
1.87578 3.22074
1.85411 3.2332
1.83243 3.24566
1.81076 3.25811
1.78908 3.27057
1.7674 3.28303
1.74573 3.29548
1.72405 3.30794
1.70238 3.32039
1.6807 3.33285
1.65903 3.34531
1.63735 3.35776
1.61567 3.37022
1.594 3.38268
1.57232 3.39513
1.55065 3.40759
1.52897 3.42005
1.5073 3.4325
1.48562 3.44496
1.46394 3.45742
1.44226 3.46988
1.42059 3.48233
1.39892 3.49478
1.37724 3.50724
1.35557 3.5197
1.33389 3.53215
1.31222 3.54461
1.29054 3.55707
1.26887 3.56952
1.24719 3.58198
1.22551 3.59444
1.20384 3.60689
1.18216 3.61935
1.16049 3.63181
1.13881 3.64426
1.11714 3.65672
1.09546 3.66918
1.07378 3.68163
1.05211 3.69409
1.03043 3.70655
1.00876 3.719
0.987082 3.73146
0.965406 3.74392
0.943731 3.75637
0.922053 3.76883
0.900378 3.78129
0.878702 3.79374
0.857026 3.8062
0.83535 3.81866
0.813675 3.83111
0.791999 3.84357
0.770323 3.85603
0.748648 3.86848
0.726972 3.88094
0.705296 3.8934
0.683621 3.90585
0.661945 3.91831
0.640269 3.93077
0.618594 3.94322
0.596918 3.95568
0.575242 3.96813
0.553567 3.98059
0.531891 3.99305
0.510215 4.0055
0.48854 4.01796
0.466864 4.03042
0.445188 4.04287
0.423513 4.05533
0.401837 4.06779
0.380161 4.08024
0.358486 4.0927
0.33681 4.10516
0.315134 4.11761
0.293458 4.13007
0.271783 4.14253
0.250107 4.15498
0.228431 4.16744
0.206756 4.1799
0.18508 4.19235
0.163404 4.20481
0.141729 4.21727
0.120053 4.22972
0.0983774 4.24218
0.0767017 4.25464
0.055026 4.26709
0.0333503 4.27955
0.0116746 4.292
-0.0100011 4.30446
-0.0316767 4.31692
-0.0533524 4.32937
-0.0750281 4.34183
-0.0967038 4.35429
-0.118379 4.36674
-0.140055 4.3792
-0.161731 4.39166
-0.183407 4.40411
-0.205082 4.41657
-0.226758 4.42903
-0.248434 4.44148
-0.270109 4.45394
-0.291785 4.4664
-0.313461 4.47885
-0.335136 4.49131
-0.356812 4.50377
-0.378488 4.51622
-0.400163 4.52868
-0.421839 4.54114
-0.439198 4.55111
-0.465192 4.56605
-0.486868 4.57851
-0.508543 4.59096
-0.530219 4.60342
-0.551895 4.61588
-0.57357 4.62833
-0.595246 4.64079
-0.616922 4.65325
-0.638597 4.6657
-0.660273 4.67816
-0.681949 4.69062
-0.703625 4.70307
-0.7253 4.71553
-0.746976 4.72799
-0.768652 4.74044
-0.790327 4.7529
-0.812003 4.76535
-0.833679 4.77781
-0.855354 4.79027
-0.87703 4.80272
-0.898706 4.81518
-0.920381 4.82764
-0.942057 4.84009
-0.963733 4.85255
-0.985408 4.86501
-1.00708 4.87746
-1.02876 4.88992
-1.05044 4.90238
-1.07211 4.91483
-1.09379 4.92729
-1.11546 4.93975
-1.13714 4.9522
-1.15881 4.96466
-1.18049 4.97712
-1.20216 4.98956
-1.20679 4.965
-1.21143 4.94043
-1.21606 4.91586
-1.22069 4.8913
-1.22533 4.86673
-1.22996 4.84216
-1.23459 4.8176
-1.23922 4.79303
-1.24386 4.76846
-1.24849 4.74389
-1.25312 4.71933
-1.25775 4.69476
-1.26239 4.67019
-1.26702 4.64563
-1.27165 4.62106
-1.27629 4.59649
-1.28092 4.57192
-1.28555 4.54736
-1.29018 4.52279
-1.29482 4.49822
-1.29945 4.47366
-1.30408 4.44909
-1.30872 4.42452
-1.31335 4.39996
-1.31798 4.37539
-1.32261 4.35082
-1.32725 4.32625
-1.33188 4.30169
-1.33651 4.27712
-1.34115 4.25255
-1.34578 4.22799
-1.35041 4.20342
-1.35504 4.17885
-1.35968 4.15429
-1.36431 4.12972
-1.36894 4.10515
-1.37357 4.08058
-1.37821 4.05602
-1.38284 4.03145
-1.38747 4.00688
-1.39211 3.98232
-1.39674 3.95775
-1.40137 3.93318
-1.406 3.90862
-1.41064 3.88405
-1.41527 3.85948
-1.4199 3.83491
-1.42454 3.81035
-1.42917 3.78578
-1.4338 3.76121
-1.43843 3.73665
-1.44307 3.71208
-1.4477 3.68751
-1.45233 3.66295
-1.45697 3.63838
-1.4616 3.61381
-1.46623 3.58924
-1.47086 3.56468
-1.4755 3.54011
-1.48013 3.51554
-1.48476 3.49098
-1.48939 3.46641
-1.49403 3.44184
-1.49866 3.41728
-1.50329 3.39271
-1.50793 3.36814
-1.51256 3.34357
-1.51719 3.31901
-1.52182 3.29444
-1.52646 3.26987
-1.53109 3.24531
-1.53572 3.22074
-1.54036 3.19617
-1.54499 3.1716
-1.54962 3.14704
-1.55425 3.12247
-1.55889 3.0979
-1.56352 3.07334
-1.56815 3.04877
-1.57278 3.0242
-1.57742 2.99964
-1.58205 2.97507
-1.58668 2.9505
-1.59132 2.92593
-1.59595 2.90137
-1.60058 2.8768
-1.60521 2.85223
-1.60985 2.82767
-1.61448 2.8031
-1.61911 2.77853
-1.62375 2.75397
-1.62838 2.7294
-1.63301 2.70483
-1.63764 2.68026
-1.64228 2.6557
-1.64691 2.63113
-1.65154 2.60656
-1.65618 2.582
-1.66081 2.55743
-1.66544 2.53286
-1.67007 2.5083
-1.67471 2.48373
-1.67934 2.45916
-1.68397 2.43459
-1.6886 2.41003
-1.69324 2.38546
-1.69787 2.36089
-1.7025 2.33633
-1.70714 2.31176
-1.71177 2.28719
-1.7164 2.26263
-1.72103 2.23806
-1.72567 2.21349
-1.7303 2.18892
-1.73493 2.16436
-1.73957 2.13979
-1.7442 2.11522
-1.74883 2.09066
-1.75346 2.06609
-1.7581 2.04152
-1.76273 2.01696
-1.76736 1.99239
-1.772 1.96782
-1.77663 1.94325
-1.78126 1.91869
-1.78589 1.89412
-1.79053 1.86955
-1.79516 1.84499
-1.79979 1.82042
-1.80442 1.79585
-1.80906 1.77129
-1.81369 1.74672
-1.81832 1.72215
-1.82296 1.69758
-1.82759 1.67302
-1.83222 1.64845
-1.83685 1.62388
-1.84149 1.59932
-1.84612 1.57475
-1.85075 1.55018
-1.85539 1.52562
-1.86002 1.50105
-1.86465 1.47648
-1.86928 1.45191
-1.87392 1.42735
-1.87855 1.40278
-1.88318 1.37821
-1.88781 1.35365
-1.89245 1.32908
-1.89708 1.30451
-1.90171 1.27994
-1.90635 1.25538
-1.91098 1.23081
-1.91561 1.20624
-1.92024 1.18168
-1.92488 1.15711
-1.92951 1.13254
-1.93414 1.10798
-1.93878 1.08341
-1.94341 1.05884
-1.94804 1.03427
-1.95267 1.00971
-1.95731 0.98515
-1.96194 0.960583
-1.96657 0.936016
-1.9712 0.911449
-1.97584 0.886882
-1.98047 0.862315
-1.9851 0.837748
-1.98789 0.822983
-1.98974 0.813172
-1.99437 0.788614
-1.999 0.764047
-2.00363 0.73948
-2.00827 0.714913
-2.0129 0.690346
-2.01753 0.665779
-2.02216 0.641212
-2.0268 0.616645
-2.03143 0.592078
-2.03606 0.567511
-2.0407 0.542944
-2.04533 0.518376
-2.04996 0.493809
-2.05459 0.469242
-2.05923 0.444675
-2.06386 0.420108
-2.06849 0.395541
-2.07313 0.370974
-2.07776 0.346407
-2.08239 0.32184
-2.08702 0.297273
-2.09166 0.272706
-2.09629 0.248139
-2.10092 0.223572
-2.10555 0.199005
-2.11019 0.174438
-2.11482 0.149871
-2.11945 0.125304
-2.12409 0.100737
-2.12872 0.0761702
-2.13335 0.0516031
-2.13798 0.0270361
-2.14262 0.0024691
-2.14725 -0.0220979
-2.15188 -0.0466649
-2.15652 -0.071232
-2.16115 -0.095799
-2.16578 -0.120366
-2.17041 -0.144933
-2.17505 -0.1695
-2.17968 -0.194067
-2.18431 -0.218634
-2.18894 -0.243201
-2.19358 -0.267768
-2.19821 -0.292335
-2.20284 -0.316902
-2.20748 -0.341469
-2.21211 -0.366036
-2.21674 -0.390603
-2.22137 -0.41517
-2.22601 -0.439737
-2.23064 -0.464304
-2.23527 -0.488871
-2.23991 -0.513438
-2.24454 -0.538005
-2.24917 -0.562572
-2.2538 -0.587139
-2.25844 -0.611706
-2.26307 -0.636273
-2.2677 -0.66084
-2.27234 -0.685407
-2.27697 -0.709975
-2.2816 -0.734542
-2.28623 -0.759109
-2.29087 -0.783676
-2.2955 -0.808243
-2.30013 -0.83281
-2.30476 -0.857377
-2.3094 -0.881944
-2.31403 -0.906509
-2.28903 -0.906484
-2.26403 -0.906459
-2.23903 -0.906434
-2.21403 -0.906409
-2.18903 -0.906384
-2.16403 -0.906359
-2.13903 -0.906334
-2.11403 -0.906309
-2.08903 -0.906284
-2.06403 -0.906259
-2.03903 -0.906234
-2.01403 -0.906209
-1.98903 -0.906184
-1.96403 -0.906159
-1.93903 -0.906134
-1.91403 -0.906109
-1.88903 -0.906084
-1.86403 -0.906059
-1.83903 -0.906034
-1.81403 -0.906009
-1.78903 -0.905984
-1.76403 -0.905959
-1.73903 -0.905934
-1.71403 -0.905909
-1.68903 -0.905884
-1.66403 -0.905859
-1.63903 -0.905834
-1.61403 -0.905809
-1.58903 -0.905784
-1.56403 -0.905759
-1.53903 -0.905734
-1.51403 -0.905709
-1.48903 -0.905684
-1.46403 -0.905659
-1.43903 -0.905634
-1.41403 -0.905609
-1.38903 -0.905584
-1.36403 -0.905559
-1.33903 -0.905534
-1.31403 -0.905509
-1.28903 -0.905484
-1.26403 -0.905459
-1.23903 -0.905434
-1.21403 -0.905409
-1.18903 -0.905384
-1.16403 -0.905359
-1.13903 -0.905334
-1.11403 -0.905309
-1.08903 -0.905284
-1.06403 -0.905259
-1.03903 -0.905234
-1.01403 -0.905209
-0.989028 -0.905184
-0.964028 -0.905159
-0.939028 -0.905134
-0.914028 -0.905109
-0.889028 -0.905084
-0.864028 -0.905059
-0.839028 -0.905034
-0.814028 -0.905009
-0.789028 -0.904984
-0.764028 -0.904959
-0.739028 -0.904934
-0.714028 -0.904909
-0.689028 -0.904884
-0.664028 -0.904859
-0.639028 -0.904834
-0.614027 -0.904809
-0.589027 -0.904784
-0.564027 -0.904759
-0.539027 -0.904734
-0.514027 -0.904709
-0.489027 -0.904684
-0.464027 -0.904659
-0.439027 -0.904634
-0.414027 -0.904609
-0.389027 -0.904584
-0.364027 -0.904559
-0.339027 -0.904534
-0.314027 -0.904509
-0.289027 -0.904484
-0.264027 -0.904459
-0.239027 -0.904434
-0.214027 -0.904409
-0.189027 -0.904384
-0.164027 -0.904359
-0.139027 -0.904334
-0.114027 -0.904309
-0.0890273 -0.904284
-0.0640273 -0.904259
-0.0390273 -0.904234
-0.0140273 -0.904209
0.0109727 -0.904184
0.0359727 -0.904159
0.0609727 -0.904134
0.0859728 -0.904109
0.110973 -0.904084
0.135973 -0.904059
0.160973 -0.904034
0.185973 -0.904009
0.210973 -0.903984
0.235973 -0.903959
0.260973 -0.903934
0.285973 -0.903909
0.310973 -0.903884
0.335973 -0.903859
0.360973 -0.903834
0.385973 -0.903809
0.410973 -0.903784
0.435973 -0.903759
0.460973 -0.903734
0.485973 -0.903709
0.510973 -0.903684
0.535973 -0.903659
0.560973 -0.903634
0.585973 -0.903609
0.610973 -0.903584
0.635973 -0.903559
0.660973 -0.903534
0.685973 -0.903509
0.710973 -0.903484
0.735973 -0.903459
0.760973 -0.903434
0.785973 -0.903409
0.810973 -0.903384
0.835973 -0.903359
0.860973 -0.903334
0.885973 -0.903309
0.910973 -0.903284
0.935973 -0.903259
0.960973 -0.903234
0.985973 -0.903209
1.01097 -0.903184
1.03597 -0.903159
1.04599 -0.903149
1.06097 -0.903134
1.08597 -0.903109
1.11097 -0.903084
1.13597 -0.903059
1.16097 -0.903034
1.18597 -0.903009
1.21097 -0.902984
1.23597 -0.902959
1.26097 -0.902934
1.28597 -0.902909
1.31097 -0.902884
1.33597 -0.902859
1.36097 -0.902834
1.38597 -0.902809
1.41097 -0.902784
1.43597 -0.902759
1.46097 -0.902734
1.48597 -0.902709
1.51097 -0.902684
1.53597 -0.902659
1.56097 -0.902634
1.58597 -0.902609
1.61097 -0.902584
1.63597 -0.902559
1.66097 -0.902534
1.68597 -0.902509
1.71097 -0.902484
1.73597 -0.902459
1.76097 -0.902434
1.78597 -0.902409
1.81097 -0.902384
1.83597 -0.902359
1.86097 -0.902334
1.88597 -0.902309
1.91097 -0.902284
1.93597 -0.902259
1.96097 -0.902234
1.98597 -0.902209
2.01097 -0.902184
2.03597 -0.902159
2.06097 -0.902134
2.08597 -0.902109
2.11097 -0.902084
2.13597 -0.902059
2.16097 -0.902034
2.18597 -0.902009
2.21097 -0.901984
2.23597 -0.901959
2.26097 -0.901934
2.28597 -0.901909
2.31097 -0.901884
2.33597 -0.901859
2.36097 -0.901834
2.38597 -0.901809
2.41097 -0.901784
2.43597 -0.901759
2.46097 -0.901734
2.48597 -0.901709
2.51097 -0.901684
2.53597 -0.901659
2.56097 -0.901634
2.58597 -0.901609
2.61097 -0.901584
2.63597 -0.901559
2.66097 -0.901534
2.68597 -0.901509
2.71097 -0.901484
2.73597 -0.901459
2.76097 -0.901434
2.78597 -0.901409
2.81097 -0.901384
2.83597 -0.901359
2.86097 -0.901334
2.88597 -0.901309
2.91097 -0.901284
2.93597 -0.901259
2.96097 -0.901234
2.98597 -0.901209
3.01097 -0.901184
3.03597 -0.901159
3.06097 -0.901134
3.08597 -0.901109
3.11097 -0.901084
3.13597 -0.901059
3.16097 -0.901034
3.18597 -0.901009
3.21097 -0.900984
3.23597 -0.900959
3.26097 -0.900934
3.28597 -0.900909
3.31097 -0.900884
3.33597 -0.900859
3.36097 -0.900834
3.38597 -0.900809
3.41097 -0.900784
3.43597 -0.900759
3.46097 -0.900734
3.48597 -0.900709
3.51097 -0.900684
3.53597 -0.900659
3.56097 -0.900634
3.58597 -0.900609
3.61097 -0.900584
3.63597 -0.900559
3.66097 -0.900534
3.68596 -0.900503
3.67788 -0.876845
3.6698 -0.853188
3.66172 -0.82953
3.65364 -0.805873
3.64555 -0.782215
3.63747 -0.758558
3.62939 -0.7349
3.62131 -0.711243
3.61322 -0.687585
3.60514 -0.663928
3.59706 -0.64027
3.58898 -0.616613
3.5809 -0.592955
3.57281 -0.569298
3.56473 -0.54564
3.55665 -0.521983
3.54857 -0.498325
3.54048 -0.474668
3.5324 -0.45101
3.52432 -0.427352
3.51624 -0.403695
3.50816 -0.380037
3.50007 -0.35638
3.49199 -0.332722
3.48391 -0.309065
3.47583 -0.285407
3.46774 -0.26175
3.45966 -0.238092
3.45158 -0.214435
3.4435 -0.190777
3.43542 -0.16712
3.42733 -0.143462
3.41925 -0.119805
3.41117 -0.0961472
3.40309 -0.0724896
3.395 -0.0488321
3.38692 -0.0251746
3.37884 -0.00151707
3.37076 0.0221404
3.36267 0.045798
3.35459 0.0694555
3.34651 0.093113
3.33843 0.116771
3.33035 0.140428
3.32226 0.164086
3.31418 0.187743
3.3061 0.211401
3.29802 0.235058
3.28993 0.258716
3.28185 0.282373
3.27377 0.306031
3.26569 0.329688
3.25761 0.353346
3.24952 0.377003
3.24144 0.400661
3.23336 0.424318
3.22528 0.447976
3.21719 0.471633
3.20911 0.495291
3.20103 0.518948
3.19295 0.542606
3.18487 0.566263
3.17678 0.589921
3.1687 0.613578
3.16062 0.637236
3.15254 0.660893
3.14445 0.684551
3.13637 0.708209
3.12829 0.731866
3.12021 0.755524
3.11213 0.779181
3.10404 0.802839
3.09596 0.826496
3.08788 0.850154
3.0798 0.873811
3.07171 0.897469
3.06363 0.921126
3.05555 0.944784
3.04747 0.968441
3.03939 0.992099
3.0313 1.01576
3.02322 1.03941
3.01514 1.06307
3.00706 1.08673
2.99897 1.11039
2.99089 1.13404
2.98281 1.1577
2.97473 1.18136
2.96664 1.20502
2.95856 1.22867
2.95048 1.25233
2.9424 1.27599
2.93432 1.29965
2.92623 1.3233
2.91815 1.34696
2.91007 1.37062
2.90199 1.39428
2.8939 1.41793
2.88582 1.44159
2.87774 1.46525
2.86966 1.48891
2.86158 1.51256
2.85349 1.53622
2.84541 1.55988
2.83733 1.58354
2.82925 1.60719
2.82116 1.63085
2.81308 1.65451
2.805 1.67817
2.79692 1.70182
2.78884 1.72548
2.78075 1.74914
2.77267 1.7728
2.76459 1.79645
2.75651 1.82011
2.74842 1.84377
2.74034 1.86743
2.73226 1.89108
2.72418 1.91474
2.7161 1.9384
2.70801 1.96206
2.69993 1.98571
2.69185 2.00937
2.68377 2.03303
2.67568 2.05669
2.6676 2.08034
2.65952 2.104
2.65144 2.12766
2.64336 2.15132
2.63527 2.17497
2.62719 2.19863
2.61911 2.22229
2.61103 2.24595
2.60294 2.2696
2.59486 2.29326
2.58678 2.31692
2.5787 2.34058
2.57062 2.36423
2.56253 2.38789
2.55445 2.41155
2.54637 2.43521
2.53829 2.45886
2.5302 2.48252
2.52212 2.50618
2.51404 2.52984
2.50596 2.55349
2.49787 2.57715
2.48979 2.60081
2.48171 2.62447
2.47363 2.64812
2.46555 2.67178
2.45746 2.69544
2.44938 2.7191
2.4413 2.74275
2.43322 2.76641
2.42513 2.79007
2.41705 2.81373
2.40897 2.83738
2.40089 2.86104
2.39281 2.8847
2.38472 2.90836
2.37664 2.93201
2.36856 2.95567
2.36048 2.97933
2.35239 3.00299
2.34431 3.02664
2.33623 3.0503
2.32815 3.07396
2.32007 3.09762
2.31198 3.12127
2.3039 3.14493
2.29582 3.16859
2.28774 3.19225
2.27965 3.2159
2.27157 3.23956
2.26349 3.26322
2.25541 3.28688
2.24733 3.31053
2.23924 3.33419
2.23116 3.35785
2.22308 3.38151
2.215 3.40516
2.20691 3.42882
2.19883 3.45248
2.19075 3.47614
2.18267 3.49979
2.17459 3.52345
2.1665 3.54711
2.15842 3.57076
2.15034 3.59442
2.14226 3.61807
2.13418 3.64173
2.12609 3.66539
2.11801 3.68905
2.10993 3.7127
2.10185 3.73636
2.09377 3.76002
2.08568 3.78368
2.0776 3.80733
2.06952 3.83099
2.06144 3.85465
2.05335 3.87831
2.04527 3.90196
2.03719 3.92562
2.02911 3.94928
2.02103 3.97294
2.01294 3.99659
2.00486 4.02025
1.99678 4.04391
1.9887 4.06757
1.98061 4.09122
1.97253 4.11488
1.96445 4.13854
1.95637 4.1622
1.94829 4.18585
1.9402 4.20951
1.93212 4.23317
1.92404 4.25683
1.91596 4.28048
1.90787 4.30414
1.89979 4.3278
1.89171 4.35146
1.88363 4.37511
1.87555 4.39877
1.86746 4.42243
1.85938 4.44609
1.8513 4.46974
1.84322 4.4934
1.83513 4.51706
1.82705 4.54072
1.81897 4.56437
1.81089 4.58803
1.8028 4.61169
1.79472 4.63535
1.78664 4.659
1.77856 4.68266
1.77048 4.70632
1.76239 4.72998
1.75431 4.75363
1.74623 4.77729
1.76134 4.79721
1.77644 4.81713
1.79155 4.83705
1.80665 4.85697
1.82176 4.87689
1.83686 4.89681
1.85197 4.91673
1.86708 4.93665
1.88218 4.95657
1.89729 4.9765
1.91239 4.99642
1.9275 5.01634
1.9426 5.03626
1.95771 5.05618
1.97282 5.0761
1.98792 5.09602
2.00303 5.11594
2.01813 5.13586
2.03324 5.15578
2.04834 5.1757
2.06345 5.19562
2.07856 5.21554
2.09366 5.23546
2.10877 5.25538
2.12387 5.2753
2.13898 5.29522
2.15408 5.31514
2.16919 5.33506
2.1843 5.35498
2.1994 5.3749
2.21451 5.39482
2.22961 5.41474
2.24472 5.43466
2.25982 5.45458
2.27493 5.4745
2.29004 5.49442
2.30514 5.51434
2.32025 5.53426
2.33535 5.55418
2.35046 5.5741
2.36556 5.59402
2.38067 5.61395
2.39578 5.63387
2.41088 5.65379
2.42599 5.67371
2.44109 5.69363
2.4562 5.71355
2.4713 5.73347
2.48641 5.75339
2.50152 5.77331
2.51662 5.79323
2.53173 5.81315
2.54683 5.83307
2.56194 5.85299
2.57704 5.87291
2.59215 5.89283
2.60726 5.91275
2.62236 5.93267
2.63747 5.95259
2.65257 5.97251
2.66768 5.99243
2.68278 6.01235
2.69789 6.03227
2.713 6.05219
2.7281 6.07211
2.74321 6.09204
2.75831 6.11196
2.77342 6.13188
2.78853 6.1518
2.80363 6.17172
2.81874 6.19164
2.83384 6.21156
2.84895 6.23148
2.86405 6.2514
2.87916 6.27132
2.89427 6.29124
2.90937 6.31116
2.92448 6.33108
2.93958 6.351
2.95469 6.37092
2.96979 6.39084
2.9849 6.41076
3.00001 6.43068
3.01511 6.4506
3.03022 6.47052
3.04532 6.49044
3.06043 6.51036
3.07553 6.53028
3.09064 6.5502
3.10575 6.57012
3.12085 6.59004
3.13596 6.60996
3.15106 6.62988
3.16617 6.6498
3.18127 6.66972
3.19638 6.68964
3.21149 6.70956
3.22659 6.72949
3.2417 6.74941
3.2568 6.76933
3.27191 6.78925
3.28701 6.80917
3.30212 6.82909
3.31723 6.84901
3.33233 6.86893
3.34744 6.88885
3.36254 6.90877
3.37765 6.92869
3.39275 6.94861
3.40786 6.96853
3.42297 6.98845
3.43807 7.00837
3.45318 7.02829
3.46828 7.04821
3.48339 7.06813
3.49849 7.08805
3.5136 7.10797
3.52871 7.12789
3.54381 7.14781
3.55892 7.16773
3.57402 7.18765
3.58913 7.20757
3.60423 7.22749
3.61934 7.24741
3.63445 7.26733
3.64955 7.28725
3.66466 7.30717
3.67976 7.32709
3.69487 7.34702
3.70997 7.36694
3.72508 7.38686
3.74019 7.40678
3.75529 7.4267
3.7704 7.44662
3.7855 7.46654
3.80061 7.48646
3.81571 7.50638
3.83082 7.5263
3.84593 7.54622
3.86103 7.56614
3.87614 7.58606
3.89124 7.60598
3.90635 7.6259
3.92145 7.64582
3.93656 7.66574
3.95167 7.68566
3.96677 7.70558
3.98188 7.7255
3.99698 7.74542
4.01209 7.76534
4.02719 7.78526
4.0423 7.80518
4.05741 7.8251
4.07251 7.84502
4.08762 7.86494
4.10272 7.88486
4.11783 7.90478
4.13293 7.9247
4.14804 7.94463
4.16315 7.96455
4.17825 7.98447
4.19335 8.00438
4.20846 8.0243
4.22356 8.04422
4.23867 8.06414
4.25377 8.08406
4.26888 8.10398
4.28399 8.1239
4.29909 8.14382
4.3142 8.16374
4.3293 8.18366
4.34441 8.20358
4.35951 8.2235
4.37462 8.24342
4.38973 8.26334
4.40483 8.28326
4.41994 8.30318
4.43504 8.3231
4.45015 8.34302
4.46525 8.36294
4.48036 8.38287
4.49547 8.40279
4.51057 8.42271
4.52568 8.44263
4.54078 8.46255
4.55589 8.48247
4.57099 8.50239
4.5861 8.52231
4.60121 8.54223
4.61631 8.56215
4.63142 8.58207
4.64652 8.60199
4.66163 8.62191
4.67673 8.64183
4.69184 8.66175
4.70695 8.68167
4.72205 8.70159
4.73716 8.72151
4.75226 8.74143
4.76737 8.76135
4.78248 8.78127
4.79758 8.80119
4.81269 8.82111
4.82779 8.84103
4.8429 8.86095
4.858 8.88087
4.87311 8.90079
4.88822 8.92071
4.90332 8.94063
4.91843 8.96055
4.93353 8.98048
4.94864 9.0004
4.96374 9.02032
4.97885 9.04024
4.99396 9.06016
5.00906 9.08008
5.02417 9.1
5.03927 9.11992
5.05438 9.13984
5.06948 9.15976
5.08459 9.17968
5.0997 9.1996
5.1148 9.21952
5.12991 9.23944
5.14501 9.25936
5.16012 9.27928
5.17522 9.2992
5.19033 9.31912
5.20544 9.33904
5.22054 9.35896
5.23565 9.37888
5.25075 9.3988
5.26586 9.41872
5.28096 9.43864
5.29607 9.45856
5.31118 9.47848
5.32628 9.4984
5.34139 9.51832
5.35649 9.53824
5.3716 9.55816
5.39251 9.57186
5.41342 9.58557
5.43433 9.59927
5.45525 9.61297
5.47616 9.62667
5.49707 9.64037
5.51798 9.65407
5.53889 9.66777
5.5598 9.68147
5.58072 9.69517
5.60163 9.70887
5.62254 9.72257
5.64345 9.73627
5.66436 9.74997
5.68527 9.76367
5.70619 9.77737
5.7271 9.79107
5.74801 9.80478
5.76892 9.81848
5.78983 9.83218
5.81074 9.84588
5.83165 9.85958
5.85257 9.87328
5.87348 9.88698
5.89439 9.90068
5.9153 9.91438
5.93621 9.92808
5.95712 9.94178
5.97387 9.95275
5.99895 9.96918
6.01986 9.98288
6.04077 9.99658
6.06168 10.0103
6.08259 10.024
6.10351 10.0377
6.12442 10.0514
6.14533 10.0651
6.16624 10.0788
6.18715 10.0925
6.20806 10.1062
6.22897 10.1199
6.24989 10.1336
6.2708 10.1473
6.29171 10.161
6.31262 10.1747
6.33353 10.1884
6.35444 10.2021
6.37536 10.2158
6.39627 10.2295
6.41718 10.2432
6.43809 10.2569
6.459 10.2706
6.47991 10.2843
6.50083 10.298
6.52174 10.3117
6.54265 10.3254
6.56356 10.3391
6.58447 10.3528
6.60538 10.3665
6.6263 10.3802
6.64721 10.3939
6.66812 10.4076
6.68903 10.4213
6.70994 10.435
6.73085 10.4487
6.75177 10.4624
6.77268 10.4761
6.79359 10.4898
6.8145 10.5035
6.83541 10.5172
6.85632 10.5309
6.87724 10.5446
6.89815 10.5583
6.91906 10.572
6.93997 10.5857
6.96088 10.5994
6.98179 10.6131
7.0027 10.6268
7.02362 10.6405
7.04453 10.6542
7.06544 10.6679
7.08635 10.6816
7.10726 10.6953
7.12817 10.709
7.14909 10.7227
7.17 10.7364
7.19091 10.7501
7.21182 10.7638
7.23273 10.7775
7.25364 10.7912
7.27455 10.8049
7.29546 10.8186
7.31637 10.8323
7.33728 10.846
7.3582 10.8597
7.37911 10.8734
7.40002 10.8871
7.42093 10.9008
7.44184 10.9145
7.46275 10.9282
7.48366 10.9419
7.50458 10.9556
7.52549 10.9693
7.5464 10.983
7.56731 10.9967
7.58822 11.0104
7.60913 11.0241
7.63005 11.0378
7.65096 11.0515
7.67187 11.0652
7.69278 11.0789
7.71369 11.0926
7.7346 11.1063
7.75552 11.12
7.77643 11.1337
7.79734 11.1474
7.81825 11.1611
7.83916 11.1748
7.86007 11.1885
7.88099 11.2022
7.9019 11.2159
7.92281 11.2296
7.94372 11.2433
7.96463 11.257
7.98554 11.2707
8.00646 11.2844
8.02737 11.2981
8.04828 11.3118
8.06919 11.3255
8.0901 11.3392
8.11101 11.3529
8.13193 11.3666
8.15284 11.3803
8.17375 11.394
8.19466 11.4077
8.21557 11.4214
8.23648 11.4351
8.2574 11.4488
8.27831 11.4625
8.29922 11.4762
8.32013 11.4899
8.34104 11.5036
8.36195 11.5173
8.38286 11.5311
8.40378 11.5448
8.42469 11.5585
8.4456 11.5722
8.46651 11.5859
8.48742 11.5996
8.50833 11.6133
8.52925 11.627
8.55016 11.6407
8.57107 11.6544
8.59198 11.6681
8.61289 11.6818
8.6338 11.6955
8.65472 11.7092
8.67563 11.7229
8.69654 11.7366
8.71745 11.7503
8.73836 11.764
8.75927 11.7777
8.78019 11.7914
8.8011 11.8051
8.82201 11.8188
8.84292 11.8325
8.86383 11.8462
8.88474 11.8599
8.90566 11.8736
8.92657 11.8873
8.94748 11.901
8.96839 11.9147
8.9893 11.9284
9.01021 11.9421
9.03113 11.9558
9.05204 11.9695
9.07295 11.9832
9.09386 11.9969
9.11477 12.0106
9.13568 12.0243
9.1566 12.038
9.17751 12.0517
9.19842 12.0654
9.21933 12.0791
9.24024 12.0928
9.26115 12.1065
9.28207 12.1202
9.30298 12.1339
9.32389 12.1476
9.3448 12.1613
9.36571 12.175
9.38662 12.1887
9.40754 12.2024
9.42845 12.2161
9.44936 12.2298
9.47027 12.2435
9.49118 12.2572
9.51209 12.2709
9.53301 12.2846
9.55392 12.2983
9.57482 12.312
9.59573 12.3257
9.61664 12.3394
9.63756 12.3531
9.65847 12.3668
9.67938 12.3805
9.70029 12.3942
9.7212 12.4079
9.74211 12.4216
9.76303 12.4353
9.78394 12.449
9.80485 12.4627
9.82576 12.4764
9.84667 12.4901
9.86758 12.5038
9.8885 12.5175
9.90941 12.5312
9.93032 12.5449
9.95123 12.5586
9.97214 12.5723
9.99305 12.586
10.014 12.5997
10.0349 12.6134
10.0558 12.6271
10.0767 12.6408
10.0976 12.6545
10.1185 12.6682
10.1394 12.6819
10.1603 12.6956
10.1813 12.7093
10.2022 12.723
10.2231 12.7367
10.244 12.7504
10.2566 12.7586
10.2649 12.7641
10.2858 12.7778
10.3067 12.7915
10.3276 12.8052
10.3485 12.8189
10.3695 12.8326
10.3904 12.8463
10.4001 12.8693
10.4099 12.8923
10.4196 12.9154
10.4294 12.9384
10.4391 12.9614
10.4489 12.9844
10.4586 13.0074
10.4684 13.0305
10.4782 13.0535
10.4879 13.0765
10.4977 13.0995
10.5074 13.1225
10.5172 13.1456
10.5269 13.1686
10.5367 13.1916
10.5464 13.2146
10.5562 13.2376
10.5659 13.2606
10.5757 13.2837
10.5854 13.3067
10.5952 13.3297
10.605 13.3527
10.6147 13.3757
10.6245 13.3988
10.6342 13.4218
10.644 13.4448
10.6537 13.4678
10.6635 13.4908
10.6732 13.5139
10.683 13.5369
10.6927 13.5599
10.7025 13.5829
10.7122 13.6059
10.722 13.6289
10.7318 13.652
10.7415 13.675
10.7513 13.698
10.761 13.721
10.7708 13.744
10.7805 13.7671
10.7903 13.7901
10.8 13.8131
10.8098 13.8361
10.8195 13.8591
10.8293 13.8822
10.839 13.9052
10.8488 13.9282
10.8586 13.9512
10.8683 13.9742
10.8781 13.9972
10.8878 14.0203
10.8976 14.0433
10.9073 14.0663
10.9171 14.0893
10.9268 14.1123
10.9366 14.1354
10.9463 14.1584
10.9561 14.1814
10.9658 14.2044
10.9756 14.2274
10.9854 14.2505
10.9951 14.2735
11.0049 14.2965
11.0146 14.3195
11.0244 14.3425
11.0341 14.3656
11.0439 14.3886
11.0536 14.4116
11.0634 14.4346
11.0731 14.4576
11.0829 14.4806
11.0926 14.5037
11.1024 14.5267
11.1122 14.5497
11.1219 14.5727
11.1317 14.5957
11.1414 14.6188
11.1512 14.6418
11.1609 14.6648
11.1707 14.6878
11.1804 14.7108
11.1902 14.7339
11.1999 14.7569
11.2097 14.7799
11.2194 14.8029
11.2292 14.8259
11.239 14.8489
11.2487 14.872
11.2585 14.895
11.2682 14.918
11.278 14.941
11.2877 14.964
11.2975 14.9871
11.3072 15.0101
11.317 15.0331
11.3267 15.0561
11.3365 15.0791
11.3462 15.1021
11.356 15.1252
11.3658 15.1482
11.3755 15.1712
11.3853 15.1942
11.395 15.2172
11.4048 15.2403
11.4145 15.2633
11.4243 15.2863
11.434 15.3093
11.4438 15.3323
11.4535 15.3554
11.4633 15.3784
11.473 15.4014
11.4828 15.4244
11.4926 15.4474
11.5023 15.4704
11.5121 15.4935
11.5218 15.5165
11.5316 15.5395
11.5413 15.5625
11.5511 15.5855
11.5608 15.6086
11.5706 15.6316
11.5803 15.6546
11.5901 15.6776
11.5998 15.7006
11.6096 15.7237
11.6194 15.7467
11.6291 15.7697
11.6389 15.7927
11.6486 15.8157
11.6584 15.8387
11.6681 15.8618
11.6779 15.8848
11.6876 15.9078
11.6974 15.9308
11.7071 15.9538
11.7169 15.9769
11.7266 15.9999
11.7364 16.0229
11.7462 16.0459
11.7559 16.0689
11.7657 16.092
11.7754 16.115
11.7852 16.138
11.7949 16.161
11.8047 16.184
11.8144 16.2071
11.8242 16.2301
11.8339 16.2531
11.8437 16.2761
11.8534 16.2991
11.8632 16.3221
11.873 16.3452
11.8827 16.3682
11.8925 16.3912
11.9022 16.4142
11.912 16.4372
11.9217 16.4603
11.9315 16.4833
11.9412 16.5063
11.951 16.5293
11.9607 16.5523
11.9705 16.5753
11.9802 16.5984
11.99 16.6214
11.9997 16.6444
12.0095 16.6674
12.0193 16.6904
12.029 16.7135
12.0388 16.7365
12.0485 16.7595
12.0583 16.7825
12.068 16.8055
12.0778 16.8286
12.0875 16.8516
12.0973 16.8746
12.107 16.8976
12.1168 16.9206
12.1265 16.9436
12.1363 16.9667
12.1461 16.9897
12.1558 17.0127
12.1656 17.0357
12.1753 17.0587
12.1851 17.0818
12.1948 17.1048
12.2046 17.1278
12.2143 17.1508
12.2241 17.1738
12.2338 17.1969
12.2436 17.2199
12.2533 17.2429
12.2631 17.2659
12.2729 17.2889
12.2826 17.3119
12.2924 17.335
12.3021 17.358
12.3119 17.381
12.3216 17.404
12.3255 17.4133
12.3314 17.427
12.3411 17.4501
12.3509 17.4731
12.3606 17.4961
12.3704 17.5191
12.3801 17.5421
12.3899 17.5652
12.3997 17.5882
12.4094 17.6112
12.4192 17.6342
12.4289 17.6572
12.4387 17.6803
12.4484 17.7033
12.4582 17.7263
12.4679 17.7493
12.4777 17.7723
12.4874 17.7953
12.4972 17.8184
12.5069 17.8414
12.5167 17.8644
12.5265 17.8874
12.5362 17.9104
12.546 17.9335
12.5557 17.9565
12.5655 17.9795
12.5752 18.0025
12.585 18.0255
12.5947 18.0486
12.6045 18.0716
12.6142 18.0946
12.624 18.1176
12.6337 18.1406
12.6435 18.1636
12.6533 18.1867
12.663 18.2097
12.6728 18.2327
12.6825 18.2557
12.6923 18.2787
12.702 18.3018
12.7118 18.3248
12.7215 18.3478
12.7313 18.3708
12.7172 18.3914
12.703 18.4121
12.6889 18.4327
12.6748 18.4533
12.6607 18.474
12.6466 18.4946
12.6324 18.5152
12.6183 18.5359
12.6042 18.5565
12.5901 18.5771
12.576 18.5977
12.5618 18.6184
12.5477 18.639
12.5336 18.6596
12.5195 18.6803
12.5054 18.7009
12.4912 18.7215
12.4771 18.7422
12.463 18.7628
12.4489 18.7834
12.4348 18.8041
12.4206 18.8247
12.4065 18.8453
12.3924 18.8659
12.3783 18.8866
12.3642 18.9072
12.35 18.9278
12.3359 18.9485
12.3218 18.9691
12.3077 18.9897
12.2936 19.0104
12.2794 19.031
12.2653 19.0516
12.2512 19.0723
12.2371 19.0929
12.2229 19.1135
12.2088 19.1341
12.1947 19.1548
12.1806 19.1754
12.1665 19.196
12.1523 19.2167
12.1382 19.2373
12.1241 19.2579
12.11 19.2786
12.0959 19.2992
12.0817 19.3198
12.0676 19.3404
12.0535 19.3611
12.0394 19.3817
12.0253 19.4023
12.0111 19.423
11.997 19.4436
11.9829 19.4642
11.9688 19.4849
11.9547 19.5055
11.9405 19.5261
11.9264 19.5468
11.9123 19.5674
11.8982 19.588
11.8841 19.6086
11.8699 19.6293
11.8558 19.6499
11.8417 19.6705
11.8276 19.6912
11.8135 19.7118
11.7993 19.7324
11.7852 19.7531
11.7711 19.7737
11.757 19.7943
11.7429 19.8149
11.7287 19.8356
11.7146 19.8562
11.7005 19.8768
11.6864 19.8975
11.6723 19.9181
11.6581 19.9387
11.644 19.9594
11.6299 19.98
11.6158 20.0006
11.6017 20.0213
11.5875 20.0419
11.5734 20.0625
11.5593 20.0831
11.5452 20.1038
11.5311 20.1244
11.5169 20.145
11.5028 20.1657
11.4887 20.1863
11.4746 20.2069
11.4605 20.2276
11.4463 20.2482
11.4322 20.2688
11.4181 20.2895
11.404 20.3101
11.3899 20.3307
11.3757 20.3513
11.3616 20.372
11.3475 20.3926
11.3334 20.4132
11.3193 20.4339
11.3051 20.4545
11.291 20.4751
11.2769 20.4958
11.2628 20.5164
11.2487 20.537
11.2345 20.5576
11.2204 20.5783
11.2063 20.5989
11.1922 20.6195
11.178 20.6402
11.1639 20.6608
11.1498 20.6814
11.1357 20.7021
11.1216 20.7227
11.1074 20.7433
11.0933 20.764
11.0792 20.7846
11.0651 20.8052
11.051 20.8258
11.0368 20.8465
11.0227 20.8671
11.0086 20.8877
10.9945 20.9084
10.9804 20.929
10.9662 20.9496
10.9521 20.9703
10.938 20.9909
10.9239 21.0115
10.9098 21.0321
10.8956 21.0528
10.8815 21.0734
10.8674 21.094
10.8533 21.1147
10.8392 21.1353
10.825 21.1559
10.8109 21.1766
10.7968 21.1972
10.7827 21.2178
10.7686 21.2385
10.7544 21.2591
10.7403 21.2797
10.7262 21.3003
10.7121 21.321
10.698 21.3416
10.6838 21.3622
10.6697 21.3829
10.6556 21.4035
10.6415 21.4241
10.6274 21.4448
10.6132 21.4654
10.5991 21.486
10.585 21.5066
10.5709 21.5273
10.5568 21.5479
10.5426 21.5685
10.5285 21.5892
10.5144 21.6098
10.5003 21.6304
10.4862 21.6511
10.472 21.6717
10.4579 21.6923
10.4438 21.713
10.4297 21.7336
10.4156 21.7542
10.4014 21.7749
10.3873 21.7955
10.3732 21.8161
10.3591 21.8367
10.345 21.8574
10.3308 21.878
10.3167 21.8986
10.3026 21.9193
10.2885 21.9399
10.2744 21.9605
10.2602 21.9811
10.2461 22.0018
10.232 22.0224
10.2179 22.043
10.2038 22.0637
10.1896 22.0843
10.1755 22.1049
10.1614 22.1256
10.1473 22.1462
10.1332 22.1668
10.119 22.1875
10.1049 22.2081
10.0908 22.2287
10.0767 22.2493
10.0626 22.27
10.0484 22.2906
10.0343 22.3112
10.0202 22.3319
10.0061 22.3525
9.99195 22.3731
9.97783 22.3938
9.96371 22.4144
9.94959 22.435
9.93547 22.4557
9.92135 22.4763
9.90723 22.4969
9.89311 22.5175
9.87899 22.5382
9.86487 22.5588
9.85075 22.5794
9.83662 22.6001
9.8225 22.6207
9.80838 22.6413
9.79426 22.662
9.78014 22.6826
9.76602 22.7032
9.7519 22.7239
9.73778 22.7445
9.72366 22.7651
9.70954 22.7857
9.69542 22.8064
9.6813 22.827
9.66718 22.8476
9.65306 22.8683
9.63894 22.8889
9.62482 22.9095
9.6107 22.9302
9.59658 22.9508
9.58246 22.9714
9.56834 22.9921
9.55422 23.0127
9.5401 23.0333
9.52598 23.0539
9.51186 23.0746
9.49774 23.0952
9.48362 23.1158
9.4695 23.1365
9.45538 23.1571
9.44126 23.1777
9.42714 23.1983
9.41302 23.219
9.3989 23.2396
9.38478 23.2602
9.37066 23.2809
9.35654 23.3015
9.34242 23.3221
9.32249 23.3372
9.30257 23.3523
9.28265 23.3674
9.26272 23.3825
9.2428 23.3976
9.22288 23.4127
9.20295 23.4278
9.18303 23.4429
9.16311 23.458
9.14318 23.4732
9.12326 23.4883
9.10334 23.5034
9.08341 23.5185
9.06349 23.5336
9.04357 23.5487
9.02364 23.5638
9.00372 23.5789
8.98379 23.594
8.96387 23.6091
8.94395 23.6242
8.92402 23.6393
8.9041 23.6544
8.88418 23.6695
8.86425 23.6846
8.84433 23.6997
8.82441 23.7148
8.80448 23.7299
8.78456 23.745
8.76464 23.7601
8.74471 23.7752
8.72479 23.7903
8.70487 23.8054
8.68494 23.8205
8.66502 23.8356
8.6451 23.8507
8.62517 23.8658
8.60525 23.8809
8.58532 23.896
8.5654 23.9111
8.54548 23.9262
8.52555 23.9413
8.50563 23.9564
8.48571 23.9715
8.46578 23.9866
8.44586 24.0017
8.42594 24.0168
8.40601 24.0319
8.38609 24.047
8.36617 24.0621
8.34625 24.0772
8.32633 24.0923
8.3064 24.1074
8.28648 24.1225
8.26656 24.1376
8.24663 24.1527
8.22671 24.1678
8.20679 24.1829
8.18686 24.198
8.16694 24.2131
8.14702 24.2282
8.12709 24.2433
8.10717 24.2584
8.08724 24.2735
8.06732 24.2886
8.0474 24.3037
8.02747 24.3188
8.00755 24.3339
7.98763 24.349
7.9677 24.3641
7.94778 24.3792
7.92786 24.3944
7.90793 24.4095
7.88801 24.4246
7.86809 24.4397
7.84816 24.4548
7.82824 24.4699
7.80832 24.485
7.78839 24.5001
7.76847 24.5152
7.74855 24.5303
7.72862 24.5454
7.7087 24.5605
7.68877 24.5756
7.66885 24.5907
7.64893 24.6058
7.629 24.6209
7.60908 24.636
7.58916 24.6511
7.56923 24.6662
7.54931 24.6813
7.52939 24.6964
7.50946 24.7115
7.48954 24.7266
7.46962 24.7417
7.44969 24.7568
7.42977 24.7719
7.40985 24.787
7.38992 24.8021
7.37 24.8172
7.35008 24.8323
7.33015 24.8474
7.31023 24.8625
7.29031 24.8776
7.27038 24.8927
7.25046 24.9078
7.23053 24.9229
7.21061 24.938
7.19069 24.9531
7.17077 24.9682
7.15085 24.9833
7.13092 24.9984
7.111 25.0135
7.09108 25.0286
7.07115 25.0437
7.05123 25.0588
7.03131 25.0739
7.01138 25.089
6.99146 25.1041
6.97154 25.1192
6.95161 25.1343
6.93169 25.1494
6.91177 25.1645
6.89184 25.1796
6.87192 25.1947
6.852 25.2098
6.83207 25.2249
6.81215 25.24
6.79222 25.2551
6.7723 25.2702
6.75238 25.2853
6.73245 25.3005
6.71253 25.3156
6.6926 25.3307
6.67268 25.3458
6.65276 25.3609
6.63283 25.376
6.61291 25.3911
6.59299 25.4062
6.57306 25.4213
6.55314 25.4364
6.53322 25.4515
6.51329 25.4666
6.49337 25.4817
6.47345 25.4968
6.45353 25.5119
6.43361 25.527
6.41368 25.5421
6.39376 25.5572
6.37384 25.5723
6.35391 25.5874
6.33399 25.6025
6.31407 25.6176
6.29414 25.6327
6.27422 25.6478
6.2543 25.6629
6.23437 25.678
6.21445 25.6931
6.19452 25.7082
6.1746 25.7233
6.15468 25.7384
6.13475 25.7535
6.11483 25.7686
6.09491 25.7837
6.07498 25.7988
6.05506 25.8139
6.03514 25.829
6.01521 25.8441
5.99529 25.8592
5.97537 25.8743
5.95544 25.8894
5.93552 25.9045
5.9156 25.9196
5.89567 25.9347
5.87575 25.9498
5.85583 25.9649
5.8359 25.98
5.81598 25.9951
5.79605 26.0102
5.77613 26.0253
5.75621 26.0404
5.73628 26.0555
5.71636 26.0706
5.69644 26.0857
5.67651 26.1008
5.65659 26.1159
5.63667 26.131
5.61674 26.1461
5.59682 26.1612
5.5769 26.1763
5.55697 26.1914
5.53705 26.2065
5.51713 26.2217
5.4972 26.2368
5.47728 26.2519
5.45736 26.267
5.43743 26.2821
5.41751 26.2972
5.39758 26.3123
5.37766 26.3274
5.35774 26.3425
5.33782 26.3576
5.3179 26.3727
5.29797 26.3878
5.27805 26.4029
5.25813 26.418
5.2382 26.4331
5.21828 26.4482
5.19836 26.4633
5.17843 26.4784
5.15851 26.4935
5.13859 26.5086
5.11866 26.5237
5.09874 26.5388
5.07882 26.5539
5.05889 26.569
5.03897 26.5841
5.01905 26.5992
4.99912 26.6143
4.9792 26.6294
4.95927 26.6445
4.93935 26.6596
4.91943 26.6747
4.8995 26.6898
4.87958 26.7049
4.85966 26.72
4.83973 26.7351
4.81981 26.7502
4.79989 26.7653
4.77996 26.7804
4.76004 26.7955
4.74012 26.8106
4.72019 26.8257
4.70027 26.8408
4.68035 26.8559
4.66042 26.871
4.6405 26.8861
4.62058 26.9012
4.60065 26.9163
4.58073 26.9314
4.5608 26.9465
4.53654 26.9405
4.51228 26.9345
4.48801 26.9284
4.46375 26.9224
4.43949 26.9164
4.41522 26.9104
4.39096 26.9043
4.3667 26.8983
4.34243 26.8923
4.31817 26.8863
4.29391 26.8802
4.26965 26.8742
4.24538 26.8682
4.22113 26.8622
4.19686 26.8561
4.1726 26.8501
4.14834 26.8441
4.12407 26.8381
4.09981 26.832
4.07555 26.826
4.05128 26.82
4.02702 26.814
4.00276 26.8079
3.9785 26.8019
3.95423 26.7959
3.92997 26.7899
3.90571 26.7838
3.88144 26.7778
3.85718 26.7718
3.83292 26.7658
3.80865 26.7597
3.78439 26.7537
3.76013 26.7477
3.73586 26.7417
3.7116 26.7356
3.68734 26.7296
3.66307 26.7236
3.63881 26.7176
3.61455 26.7115
3.59028 26.7055
3.56602 26.6995
3.54176 26.6935
3.51749 26.6874
3.49323 26.6814
3.46897 26.6754
3.4447 26.6694
3.42044 26.6633
3.39618 26.6573
3.37191 26.6513
3.34765 26.6453
3.32339 26.6392
3.29912 26.6332
3.27486 26.6272
3.2506 26.6212
3.22634 26.6151
3.20207 26.6091
3.17781 26.6031
3.15355 26.5971
3.12928 26.591
3.10502 26.585
3.08076 26.579
3.05649 26.573
3.03223 26.5669
3.00797 26.5609
2.9837 26.5549
2.95944 26.5489
2.93518 26.5428
2.91091 26.5368
2.88666 26.5308
2.8624 26.5248
2.83813 26.5187
2.81387 26.5127
2.78961 26.5067
2.76534 26.5007
2.74108 26.4946
2.71682 26.4886
2.69255 26.4826
2.66829 26.4766
2.64403 26.4705
2.61976 26.4645
2.5955 26.4585
2.57124 26.4525
2.54697 26.4464
2.52271 26.4404
2.49845 26.4344
2.47418 26.4284
2.44992 26.4223
2.42566 26.4163
2.40139 26.4103
2.37713 26.4042
2.35287 26.3982
2.3286 26.3922
2.30917 26.3874
2.28008 26.3801
2.25581 26.3741
2.23155 26.3681
2.20729 26.3621
2.18302 26.356
2.15876 26.35
2.1345 26.344
2.11024 26.338
2.08597 26.3319
2.06171 26.3259
2.03745 26.3199
2.01318 26.3139
1.98892 26.3078
1.96466 26.3018
1.94039 26.2958
1.91613 26.2898
1.89187 26.2837
1.8676 26.2777
1.84334 26.2717
1.81908 26.2657
1.79481 26.2596
1.77055 26.2536
1.74629 26.2476
1.72202 26.2416
1.69777 26.2355
1.67351 26.2295
1.64924 26.2235
1.62498 26.2175
1.60072 26.2114
1.57645 26.2054
1.55219 26.1994
1.52793 26.1934
1.50366 26.1873
1.4794 26.1813
1.45514 26.1753
1.43087 26.1693
1.40661 26.1632
1.38235 26.1572
1.35808 26.1512
1.33382 26.1452
1.30956 26.1391
1.28529 26.1331
1.26103 26.1271
1.23677 26.1211
1.2125 26.115
1.18824 26.109
1.16398 26.103
1.13972 26.097
1.11545 26.0909
1.09119 26.0849
1.06693 26.0789
1.04266 26.0729
1.0184 26.0668
0.994136 26.0608
0.969873 26.0548
0.945609 26.0488
0.921346 26.0427
0.897083 26.0367
0.87282 26.0307
0.848557 26.0247
0.824293 26.0186
0.80003 26.0126
0.775767 26.0066
0.751504 26.0006
0.72724 25.9945
0.702977 25.9885
0.678714 25.9825
0.654451 25.9765
0.630188 25.9704
0.605924 25.9644
0.581661 25.9584
0.557398 25.9524
0.533135 25.9463
0.508872 25.9403
0.484608 25.9343
0.460345 25.9283
0.436082 25.9222
0.411819 25.9162
0.387555 25.9102
0.363292 25.9042
0.339038 25.8981
0.314775 25.8921
0.290511 25.8861
0.266248 25.8801
0.241985 25.874
0.217722 25.868
0.193458 25.862
0.169195 25.856
0.144932 25.8499
0.120669 25.8439
0.0964056 25.8379
0.0721424 25.8318
0.0478792 25.8258
0.023616 25.8198
-0.000647251 25.8138
-0.0249105 25.8077
-0.0491737 25.8017
-0.0734369 25.7957
-0.0977001 25.7897
-0.121963 25.7836
-0.146227 25.7776
-0.17049 25.7716
-0.194753 25.7656
-0.219016 25.7595
-0.243279 25.7535
-0.267543 25.7475
-0.291806 25.7415
-0.316069 25.7354
-0.340332 25.7294
-0.364595 25.7234
-0.388859 25.7174
-0.413122 25.7113
-0.437385 25.7053
-0.461648 25.6993
-0.485912 25.6933
-0.510175 25.6872
-0.534438 25.6812
-0.558701 25.6752
-0.582964 25.6692
-0.607228 25.6631
-0.631491 25.6571
-0.655754 25.6511
-0.680017 25.6451
-0.70428 25.639
-0.728544 25.633
-0.752807 25.627
-0.77707 25.621
-0.801333 25.6149
-0.825597 25.6089
-0.84986 25.6029
-0.874123 25.5969
-0.898386 25.5908
-0.922649 25.5848
-0.946913 25.5788
-0.971176 25.5728
-0.995439 25.5667
-1.0197 25.5607
-1.04396 25.5547
-1.06822 25.5487
-1.09248 25.5426
-1.11675 25.5366
-1.14101 25.5306
-1.16527 25.5246
-1.18954 25.5185
-1.2138 25.5125
-1.23806 25.5065
-1.26233 25.5005
-1.28417 25.5126
-1.30602 25.5248
-1.32787 25.5369
-1.34972 25.5491
-1.37157 25.5612
-1.39341 25.5734
-1.41526 25.5855
-1.43711 25.5977
-1.45896 25.6098
-1.48081 25.622
-1.50265 25.6341
-1.5245 25.6463
-1.54635 25.6584
-1.5682 25.6706
-1.59005 25.6827
-1.61189 25.6949
-1.63374 25.707
-1.65559 25.7192
-1.67744 25.7313
-1.69929 25.7435
-1.72113 25.7557
-1.74298 25.7678
-1.76483 25.78
-1.78668 25.7921
-1.80853 25.8043
-1.83038 25.8164
-1.85222 25.8286
-1.87407 25.8407
-1.89592 25.8529
-1.91777 25.865
-1.93962 25.8772
-1.96146 25.8893
-1.98331 25.9015
-2.00516 25.9136
-2.02701 25.9258
-2.04886 25.9379
-2.0707 25.9501
-2.09255 25.9622
-2.1144 25.9744
-2.13625 25.9865
-2.1581 25.9987
-2.17994 26.0108
-2.20179 26.023
-2.22364 26.0351
-2.24549 26.0473
-2.26734 26.0594
-2.28918 26.0716
-2.31102 26.0837
-2.33287 26.0959
-2.35472 26.1081
-2.37657 26.1202
-2.39842 26.1324
-2.42027 26.1445
-2.44211 26.1567
-2.46396 26.1688
-2.48581 26.181
-2.50766 26.1931
-2.52079 26.2004
-2.52951 26.2053
-2.55135 26.2174
-2.5732 26.2296
-2.59505 26.2417
-2.6169 26.2539
-2.63874 26.266
-2.66059 26.2782
-2.68244 26.2903
-2.70429 26.3025
-2.72614 26.3146
-2.74798 26.3268
-2.76983 26.3389
-2.79168 26.3511
-2.81353 26.3632
-2.83538 26.3754
-2.85723 26.3875
-2.87907 26.3997
-2.90092 26.4119
-2.92277 26.424
-2.94462 26.4362
-2.96647 26.4483
-2.98831 26.4605
-3.01016 26.4726
-3.03201 26.4848
-3.05386 26.4969
-3.07571 26.5091
-3.09755 26.5212
-3.1194 26.5334
-3.14125 26.5455
-3.1631 26.5577
-3.18495 26.5698
-3.20679 26.582
-3.22864 26.5941
-3.25049 26.6063
-3.27234 26.6184
-3.29419 26.6306
-3.31603 26.6427
-3.33788 26.6549
-3.35973 26.667
-3.38158 26.6792
-3.40343 26.6913
-3.42528 26.7035
-3.44712 26.7156
-3.46897 26.7278
-3.49082 26.74
-3.51267 26.7521
-3.53452 26.7643
-3.55636 26.7764
-3.57821 26.7886
-3.60006 26.8007
-3.62191 26.8129
-3.64376 26.825
-3.6656 26.8372
-3.68745 26.8493
-3.7093 26.8615
-3.73114 26.8736
-3.75299 26.8858
-3.77484 26.8979
-3.79668 26.9101
-3.81853 26.9222
-3.84038 26.9344
-3.86223 26.9465
-3.88408 26.9587
-3.90592 26.9708
-3.92777 26.983
-3.94962 26.9951
-3.97147 27.0073
-3.99332 27.0194
-4.01517 27.0316
-4.03701 27.0437
-4.05886 27.0559
-4.08071 27.0681
-4.10256 27.0802
-4.12441 27.0924
-4.14625 27.1045
-4.1681 27.1167
-4.18995 27.1288
-4.2118 27.141
-4.23365 27.1531
-4.25549 27.1653
-4.27734 27.1774
-4.29919 27.1896
-4.32104 27.2017
-4.34289 27.2139
-4.36473 27.226
-4.38658 27.2382
-4.40843 27.2503
-4.43028 27.2625
-4.45213 27.2746
-4.47398 27.2868
-4.49582 27.2989
-4.51767 27.3111
-4.53952 27.3232
-4.56137 27.3354
-4.58322 27.3475
-4.60506 27.3597
-4.62691 27.3719
-4.64876 27.384
-4.67061 27.3962
-4.69246 27.4083
-4.7143 27.4205
-4.73615 27.4326
-4.758 27.4448
-4.77985 27.4569
-4.8017 27.4691
-4.82354 27.4812
-4.84539 27.4934
-4.86723 27.5055
-4.88908 27.5177
-4.91093 27.5298
-4.93278 27.542
-4.95462 27.5541
-4.97647 27.5663
-4.99832 27.5784
-5.02017 27.5906
-5.04202 27.6027
-5.06387 27.6149
-5.08571 27.627
-5.10756 27.6392
-5.12941 27.6513
-5.15126 27.6635
-5.17311 27.6756
-5.19495 27.6878
-5.2168 27.6999
-5.23865 27.7121
-5.2605 27.7243
-5.28235 27.7364
-5.30419 27.7486
-5.32604 27.7607
-5.34789 27.7729
-5.36974 27.785
-5.39159 27.7972
-5.41343 27.8093
-5.43528 27.8215
-5.45713 27.8336
-5.47898 27.8458
-5.50083 27.8579
-5.52268 27.8701
-5.54452 27.8822
-5.56637 27.8944
-5.58822 27.9065
-5.61007 27.9187
-5.63192 27.9308
-5.65376 27.943
-5.67561 27.9551
-5.69746 27.9673
-5.71931 27.9794
-5.74116 27.9916
-5.763 28.0037
-5.78485 28.0159
-5.8067 28.0281
-5.82855 28.0402
-5.8504 28.0524
-5.87224 28.0645
-5.89409 28.0767
-5.91594 28.0888
-5.93779 28.101
-5.95964 28.1131
-5.98148 28.1253
-6.00333 28.1374
-6.02517 28.1496
-6.04702 28.1617
-6.06887 28.1739
-6.09072 28.186
-6.11257 28.1982
-6.13441 28.2103
-6.15626 28.2225
-6.17811 28.2346
-6.19996 28.2468
-6.22181 28.2589
-6.24365 28.2711
-6.2655 28.2832
-6.28735 28.2954
-6.3092 28.3075
-6.33105 28.3197
-6.35289 28.3318
-6.37474 28.344
-6.39659 28.3562
-6.41844 28.3683
-6.44029 28.3805
-6.46214 28.3926
-6.48398 28.4048
-6.50583 28.4169
-6.51573 28.394
-6.52564 28.371
-6.53555 28.348
-6.54545 28.3251
-6.55536 28.3021
-6.56526 28.2792
-6.57517 28.2562
-6.58507 28.2333
-6.59498 28.2103
-6.60488 28.1874
-6.61479 28.1644
-6.62469 28.1415
-6.6346 28.1185
-6.6445 28.0955
-6.65441 28.0726
-6.66432 28.0496
-6.67422 28.0267
-6.68413 28.0037
-6.69403 27.9808
-6.70394 27.9578
-6.71384 27.9349
-6.72375 27.9119
-6.72772 27.9027
-6.73365 27.889
-6.74356 27.866
-6.75346 27.8431
-6.76337 27.8201
-6.77327 27.7971
-6.78318 27.7742
-6.79308 27.7512
-6.80299 27.7283
-6.81289 27.7053
-6.8228 27.6824
-6.83271 27.6594
-6.84261 27.6365
-6.85252 27.6135
-6.86242 27.5906
-6.87233 27.5676
-6.88223 27.5447
-6.89214 27.5217
-6.90204 27.4987
-6.91195 27.4758
-6.92185 27.4528
-6.93176 27.4299
-6.94167 27.4069
-6.95157 27.384
-6.96148 27.361
-6.97138 27.3381
-6.98129 27.3151
-6.99119 27.2922
-7.0011 27.2692
-7.011 27.2462
-7.0209 27.2233
-7.03081 27.2003
-7.04072 27.1774
-7.05062 27.1544
-7.06053 27.1315
-7.07043 27.1085
-7.08034 27.0856
-7.09024 27.0626
-7.10015 27.0397
-7.11005 27.0167
-7.11996 26.9938
-7.12986 26.9708
-7.13977 26.9479
-7.14967 26.9249
-7.15958 26.9019
-7.16949 26.879
-7.17939 26.856
-7.1893 26.8331
-7.1992 26.8101
-7.20911 26.7872
-7.21901 26.7642
-7.22892 26.7413
-7.23882 26.7183
-7.24873 26.6954
-7.25863 26.6724
-7.26854 26.6494
-7.27845 26.6265
-7.28835 26.6035
-7.29826 26.5806
-7.30816 26.5576
-7.31807 26.5347
-7.32797 26.5117
-7.33788 26.4888
-7.34778 26.4658
-7.35769 26.4429
-7.36759 26.4199
-7.3775 26.397
-7.3874 26.374
-7.39731 26.351
-7.40722 26.3281
-7.41712 26.3051
-7.42703 26.2822
-7.43693 26.2592
-7.44684 26.2363
-7.45674 26.2133
-7.46665 26.1904
-7.47655 26.1674
-7.48646 26.1445
-7.49636 26.1215
-7.50627 26.0986
-7.51617 26.0756
-7.52608 26.0527
-7.53598 26.0297
-7.54589 26.0067
-7.55579 25.9838
-7.5657 25.9608
-7.5756 25.9379
-7.58551 25.9149
-7.59541 25.892
-7.60532 25.869
-7.61523 25.8461
-7.62513 25.8231
-7.63504 25.8002
-7.64494 25.7772
-7.65485 25.7542
-7.66475 25.7313
-7.67466 25.7083
-7.68456 25.6854
-7.69447 25.6624
-7.70437 25.6395
-7.71428 25.6165
-7.72418 25.5936
-7.73409 25.5706
-7.744 25.5477
-7.7539 25.5247
-7.76381 25.5018
-7.77371 25.4788
-7.78362 25.4558
-7.79352 25.4329
-7.80343 25.4099
-7.81333 25.387
-7.82324 25.364
-7.83314 25.3411
-7.84305 25.3181
-7.85295 25.2952
-7.86286 25.2722
-7.87277 25.2493
-7.88267 25.2263
-7.89258 25.2033
-7.90248 25.1804
-7.91239 25.1574
-7.92229 25.1345
-7.9322 25.1115
-7.9421 25.0886
-7.95201 25.0656
-7.96191 25.0427
-7.97182 25.0197
-7.98173 24.9968
-7.99163 24.9738
-8.00154 24.9509
-8.01144 24.9279
-8.02135 24.9049
-8.03125 24.882
-8.04116 24.859
-8.05106 24.8361
-8.06096 24.8131
-8.07087 24.7902
-8.08078 24.7672
-8.09068 24.7443
-8.10059 24.7213
-8.11049 24.6984
-8.1204 24.6754
-8.1303 24.6525
-8.14021 24.6295
-8.15011 24.6065
-8.16002 24.5836
-8.16992 24.5606
-8.17983 24.5377
-8.18973 24.5147
-8.19964 24.4918
-8.20955 24.4688
-8.21945 24.4459
-8.22936 24.4229
-8.23926 24.4
-8.24917 24.377
-8.25907 24.3541
-8.26898 24.3311
-8.27888 24.3081
-8.28879 24.2852
-8.29869 24.2622
-8.3086 24.2393
-8.31851 24.2163
-8.32841 24.1934
-8.33832 24.1704
-8.34822 24.1475
-8.35813 24.1245
-8.36803 24.1016
-8.37794 24.0786
-8.38784 24.0557
-8.39775 24.0327
-8.40765 24.0097
-8.41756 23.9868
-8.42746 23.9638
-8.43737 23.9409
-8.44728 23.9179
-8.45718 23.895
-8.46709 23.872
-8.47699 23.8491
-8.4869 23.8261
-8.4968 23.8032
-8.50671 23.7802
-8.51661 23.7572
-8.52652 23.7343
-8.53642 23.7113
-8.54633 23.6884
-8.55623 23.6654
-8.56614 23.6425
-8.57605 23.6195
-8.58595 23.5966
-8.59586 23.5736
-8.60576 23.5507
-8.61566 23.5277
-8.62557 23.5048
-8.63547 23.4818
-8.64538 23.4589
-8.65528 23.4359
-8.66519 23.4129
-8.6751 23.39
-8.685 23.367
-8.69491 23.3441
-8.70481 23.3211
-8.71472 23.2982
-8.72462 23.2752
-8.73453 23.2523
-8.74443 23.2293
-8.75434 23.2064
-8.76425 23.1834
-8.77415 23.1604
-8.78406 23.1375
-8.79396 23.1145
-8.80387 23.0916
-8.81377 23.0686
-8.82368 23.0457
-8.83358 23.0227
-8.84349 22.9998
-8.85339 22.9768
-8.8633 22.9539
-8.8732 22.9309
-8.88311 22.908
-8.87606 22.9319
-8.86901 22.9559
-8.86196 22.9799
-8.85491 23.0039
-8.84787 23.0279
-8.84082 23.0519
-8.83377 23.0759
-8.82672 23.0998
-8.81967 23.1238
-8.81263 23.1478
-8.80558 23.1718
-8.79853 23.1958
-8.79148 23.2198
-8.78443 23.2438
-8.77739 23.2677
-8.77034 23.2917
-8.76329 23.3157
-8.75624 23.3397
-8.74919 23.3637
-8.74215 23.3877
-8.7351 23.4117
-8.72805 23.4357
-8.721 23.4596
-8.71395 23.4836
-8.70691 23.5076
-8.69986 23.5316
-8.69281 23.5556
-8.68576 23.5796
-8.67871 23.6036
-8.67166 23.6275
-8.66462 23.6515
-8.65757 23.6755
-8.65052 23.6995
-8.64347 23.7235
-8.63642 23.7475
-8.62938 23.7715
-8.62233 23.7954
-8.61528 23.8194
-8.60823 23.8434
-8.60118 23.8674
-8.59414 23.8914
-8.58709 23.9154
-8.58004 23.9394
-8.57299 23.9633
-8.56594 23.9873
-8.5589 24.0113
-8.55185 24.0353
-8.5448 24.0593
-8.53775 24.0833
-8.5307 24.1073
-8.52365 24.1312
-8.51661 24.1552
-8.50956 24.1792
-8.50251 24.2032
-8.49547 24.2272
-8.48842 24.2512
-8.48137 24.2752
-8.47432 24.2991
-8.46727 24.3231
-8.46022 24.3471
-8.45318 24.3711
-8.44613 24.3951
-8.43908 24.4191
-8.43203 24.4431
-8.42498 24.467
-8.41794 24.491
-8.41089 24.515
-8.40384 24.539
-8.39679 24.563
-8.38974 24.587
-8.3827 24.611
-8.37565 24.6349
-8.3686 24.6589
-8.36155 24.6829
-8.3545 24.7069
-8.34746 24.7309
-8.34041 24.7549
-8.33336 24.7789
-8.32631 24.8029
-8.31926 24.8268
-8.31221 24.8508
-8.30517 24.8748
-8.29812 24.8988
-8.29107 24.9228
-8.28402 24.9468
-8.27697 24.9708
-8.26993 24.9947
-8.26288 25.0187
-8.25583 25.0427
-8.24878 25.0667
-8.24173 25.0907
-8.23469 25.1147
-8.22764 25.1387
-8.22059 25.1626
-8.21354 25.1866
-8.20649 25.2106
-8.19945 25.2346
-8.1924 25.2586
-8.18535 25.2826
-8.1783 25.3066
-8.17125 25.3305
-8.16421 25.3545
-8.15716 25.3785
-8.15011 25.4025
-8.14306 25.4265
-8.13601 25.4505
-8.12897 25.4745
-8.12192 25.4984
-8.11487 25.5224
-8.10782 25.5464
-8.10077 25.5704
-8.09373 25.5944
-8.08668 25.6184
-8.07963 25.6424
-8.07258 25.6663
-8.06553 25.6903
-8.05849 25.7143
-8.05144 25.7383
-8.04439 25.7623
-8.03734 25.7863
-8.03029 25.8103
-8.02325 25.8342
-8.0162 25.8582
-8.00915 25.8822
-8.0021 25.9062
-7.99505 25.9302
-7.98801 25.9542
-7.98096 25.9782
-7.97391 26.0021
-7.96686 26.0261
-7.95981 26.0501
-7.95277 26.0741
-7.94572 26.0981
-7.93867 26.1221
-7.93162 26.1461
-7.92457 26.17
-7.91752 26.194
-7.91048 26.218
-7.90343 26.242
-7.89638 26.266
-7.88933 26.29
-7.88228 26.314
-7.87524 26.338
-7.86819 26.3619
-7.86114 26.3859
-7.85409 26.4099
-7.84704 26.4339
-7.84 26.4579
-7.83295 26.4819
-7.8259 26.5059
-7.81885 26.5298
-7.8118 26.5538
-7.80476 26.5778
-7.79771 26.6018
-7.79066 26.6258
-7.78361 26.6498
-7.77656 26.6738
-7.76951 26.6977
-7.76247 26.7217
-7.75542 26.7457
-7.74837 26.7697
-7.74132 26.7937
-7.73428 26.8177
-7.72723 26.8417
-7.72018 26.8656
-7.71313 26.8896
-7.70608 26.9136
-7.69904 26.9376
-7.69199 26.9616
-7.68494 26.9856
-7.67789 27.0096
-7.67084 27.0335
-7.6638 27.0575
-7.65675 27.0815
-7.6497 27.1055
-7.64265 27.1295
-7.6356 27.1535
-7.62856 27.1775
-7.62151 27.2014
-7.61446 27.2254
-7.60741 27.2494
-7.60036 27.2734
-7.59332 27.2974
-7.58627 27.3214
-7.57922 27.3454
-7.57217 27.3693
-7.56512 27.3933
-7.55807 27.4173
-7.55103 27.4413
-7.54398 27.4653
-7.53693 27.4893
-7.52988 27.5133
-7.52284 27.5372
-7.51579 27.5612
-7.50874 27.5852
-7.50169 27.6092
-7.49464 27.6332
-7.4876 27.6572
-7.48055 27.6812
-7.4735 27.7051
-7.46645 27.7291
-7.4594 27.7531
-7.45235 27.7771
-7.44531 27.8011
-7.43826 27.8251
-7.43121 27.8491
-7.42416 27.873
-7.41711 27.897
-7.41007 27.921
-7.40302 27.945
-7.39597 27.969
-7.38892 27.993
-7.38187 28.017
-7.37483 28.041
-7.36778 28.0649
-7.36073 28.0889
-7.35368 28.1129
-7.34663 28.1369
-7.33959 28.1609
-7.33254 28.1849
-7.32549 28.2089
-7.31844 28.2328
-7.31139 28.2568
-7.30435 28.2808
-7.2973 28.3048
-7.29025 28.3288
-7.2832 28.3528
-7.27615 28.3768
-7.2691 28.4007
-7.26206 28.4247
-7.25501 28.4487
-7.24796 28.4727
-7.24091 28.4967
-7.23386 28.5207
-7.22682 28.5447
-7.21977 28.5686
-7.21272 28.5926
-7.20567 28.6166
-7.19862 28.6406
-7.19157 28.6646
-7.17356 28.6472
-7.15554 28.6299
-7.13754 28.6126
-7.11952 28.5952
-7.10151 28.5779
-7.08349 28.5606
-7.06548 28.5432
-7.04747 28.5259
-7.02945 28.5086
-7.01144 28.4912
-6.99342 28.4739
-6.97541 28.4566
-6.95739 28.4392
-6.93938 28.4219
-6.92137 28.4046
-6.90335 28.3872
-6.88534 28.3699
-6.86732 28.3526
-6.84931 28.3352
-6.8313 28.3179
-6.81328 28.3005
-6.79527 28.2832
-6.77725 28.2659
-6.75924 28.2485
-6.74122 28.2312
-6.72321 28.2139
-6.7052 28.1965
-6.68718 28.1792
-6.66917 28.1619
-6.65115 28.1445
-6.63314 28.1272
-6.61513 28.1099
-6.59711 28.0925
-6.5791 28.0752
-6.56108 28.0579
-6.54307 28.0405
-6.52505 28.0232
-6.50704 28.0059
-6.48903 27.9885
-6.47101 27.9712
-6.453 27.9539
-6.43498 27.9365
-6.41697 27.9192
-6.39896 27.9018
-6.38094 27.8845
-6.36293 27.8672
-6.34491 27.8498
-6.3269 27.8325
-6.30888 27.8152
-6.29087 27.7978
-6.27286 27.7805
-6.25485 27.7632
-6.23683 27.7458
-6.21882 27.7285
-6.20081 27.7112
-6.18279 27.6938
-6.16478 27.6765
-6.14676 27.6592
-6.12875 27.6418
-6.11074 27.6245
-6.09272 27.6072
-6.07471 27.5898
-6.05669 27.5725
-6.03868 27.5552
-6.02066 27.5378
-6.00265 27.5205
-5.98464 27.5031
-5.96662 27.4858
-5.94861 27.4685
-5.93059 27.4511
-5.91258 27.4338
-5.89457 27.4165
-5.87655 27.3991
-5.85854 27.3818
-5.84052 27.3645
-5.82251 27.3471
-5.80449 27.3298
-5.78648 27.3125
-5.76847 27.2951
-5.75045 27.2778
-5.73244 27.2605
-5.71442 27.2431
-5.69641 27.2258
-5.6784 27.2085
-5.66038 27.1911
-5.64237 27.1738
-5.62435 27.1565
-5.60634 27.1391
-5.58833 27.1218
-5.57031 27.1044
-5.5523 27.0871
-5.53428 27.0698
-5.51627 27.0524
-5.49825 27.0351
-5.48024 27.0178
-5.46223 27.0004
-5.44421 26.9831
-5.4262 26.9658
-5.40818 26.9484
-5.39017 26.9311
-5.37216 26.9138
-5.35414 26.8964
-5.33613 26.8791
-5.31812 26.8618
-5.30011 26.8444
-5.28209 26.8271
-5.26408 26.8098
-5.24606 26.7924
-5.22805 26.7751
-5.21003 26.7578
-5.19202 26.7404
-5.17401 26.7231
-5.15599 26.7057
-5.13798 26.6884
-5.11996 26.6711
-5.10195 26.6537
-5.08394 26.6364
-5.06592 26.6191
-5.04791 26.6017
-5.02989 26.5844
-5.01188 26.5671
-4.99386 26.5497
-4.97585 26.5324
-4.95784 26.5151
-4.93982 26.4977
-4.92181 26.4804
-4.90379 26.4631
-4.88578 26.4457
-4.86777 26.4284
-4.84975 26.4111
-4.83174 26.3937
-4.81372 26.3764
-4.79571 26.3591
-4.77769 26.3417
-4.75968 26.3244
-4.74167 26.307
-4.72365 26.2897
-4.70564 26.2724
-4.68762 26.255
-4.66961 26.2377
-4.6516 26.2204
-4.63358 26.203
-4.61557 26.1857
-4.59755 26.1684
-4.57954 26.151
-4.56153 26.1337
-4.54351 26.1164
-4.5255 26.099
-4.50748 26.0817
-4.48947 26.0644
-4.47145 26.047
-4.45344 26.0297
-4.43543 26.0124
-4.41741 25.995
-4.3994 25.9777
-4.38138 25.9603
-4.36696 25.9465
-4.34536 25.9257
-4.32734 25.9083
-4.30933 25.891
-4.29132 25.8737
-4.2733 25.8563
-4.25529 25.839
-4.23727 25.8217
-4.21926 25.8043
-4.20125 25.787
-4.18323 25.7697
-4.16522 25.7523
-4.1472 25.735
-4.12919 25.7177
-4.11117 25.7003
-4.09316 25.683
-4.07515 25.6657
-4.05713 25.6483
-4.03912 25.631
-4.0211 25.6137
-4.00309 25.5963
-3.98508 25.579
-3.96706 25.5616
-3.94905 25.5443
-3.93103 25.527
-3.91303 25.5097
-3.89501 25.4923
-3.877 25.475
-3.85898 25.4576
-3.84097 25.4403
-3.82295 25.423
-3.80494 25.4056
-3.78693 25.3883
-3.76891 25.371
-3.7509 25.3536
-3.73288 25.3363
-3.71487 25.319
-3.69686 25.3016
-3.67884 25.2843
-3.66083 25.267
-3.64281 25.2496
-3.6248 25.2323
-3.60679 25.215
-3.58877 25.1976
-3.57076 25.1803
-3.55274 25.163
-3.53473 25.1456
-3.51671 25.1283
-3.4987 25.1109
-3.48069 25.0936
-3.46267 25.0763
-3.44466 25.0589
-3.42664 25.0416
-3.40863 25.0243
-3.39062 25.0069
-3.3726 24.9896
-3.35459 24.9723
-3.33657 24.9549
-3.31856 24.9376
-3.30054 24.9203
-3.28253 24.9029
-3.26452 24.8856
-3.2465 24.8683
-3.22849 24.8509
-3.21047 24.8336
-3.19246 24.8163
-3.17445 24.7989
-3.15643 24.7816
-3.13842 24.7643
-3.1204 24.7469
-3.10239 24.7296
-3.08438 24.7122
-3.06636 24.6949
-3.04835 24.6776
-3.03033 24.6602
-3.01232 24.6429
-2.9943 24.6256
-2.97629 24.6082
-2.95828 24.5909
-2.94026 24.5736
-2.92225 24.5562
-2.90423 24.5389
-2.88622 24.5216
-2.86821 24.5042
-2.84358 24.5085
-2.81895 24.5128
-2.79432 24.5171
-2.76969 24.5213
-2.74506 24.5256
-2.72042 24.5299
-2.69579 24.5342
-2.67116 24.5385
-2.64653 24.5427
-2.6219 24.547
-2.59727 24.5513
-2.57264 24.5556
-2.54801 24.5599
-2.52337 24.5641
-2.49874 24.5684
-2.47411 24.5727
-2.44948 24.577
-2.42485 24.5813
-2.40022 24.5855
-2.37559 24.5898
-2.35096 24.5941
-2.32632 24.5984
-2.30169 24.6026
-2.27706 24.6069
-2.25243 24.6112
-2.2278 24.6155
-2.20317 24.6198
-2.17854 24.624
-2.15391 24.6283
-2.12927 24.6326
-2.10464 24.6369
-2.08001 24.6412
-2.05538 24.6454
-2.03075 24.6497
-2.00612 24.654
-1.98149 24.6583
-1.95686 24.6626
-1.93222 24.6668
-1.90759 24.6711
-1.88296 24.6754
-1.85833 24.6797
-1.8337 24.6839
-1.80907 24.6882
-1.78444 24.6925
-1.75981 24.6968
-1.73517 24.7011
-1.71054 24.7053
-1.68591 24.7096
-1.66128 24.7139
-1.63665 24.7182
-1.61202 24.7225
-1.58739 24.7267
-1.56276 24.731
-1.53812 24.7353
-1.51349 24.7396
-1.48886 24.7438
-1.46423 24.7481
-1.4396 24.7524
-1.41498 24.7567
-1.39035 24.761
-1.36571 24.7652
-1.34108 24.7695
-1.31645 24.7738
-1.29182 24.7781
-1.26719 24.7824
-1.24256 24.7866
-1.21793 24.7909
-1.1933 24.7952
-1.16866 24.7995
-1.14403 24.8038
-1.1194 24.808
-1.09477 24.8123
-1.07014 24.8166
-1.04551 24.8209
-1.02088 24.8251
-0.996245 24.8294
-0.971614 24.8337
-0.946983 24.838
-0.922351 24.8423
-0.89772 24.8465
-0.873089 24.8508
-0.848457 24.8551
-0.823826 24.8594
-0.799195 24.8637
-0.774564 24.8679
-0.749932 24.8722
-0.725301 24.8765
-0.70067 24.8808
-0.676039 24.885
-0.651407 24.8893
-0.626776 24.8936
-0.602145 24.8979
-0.577514 24.9022
-0.552882 24.9064
-0.528251 24.9107
-0.50362 24.915
-0.478989 24.9193
-0.454357 24.9236
-0.429726 24.9278
-0.405095 24.9321
-0.380464 24.9364
-0.355832 24.9407
-0.331201 24.945
-0.30657 24.9492
-0.281938 24.9535
-0.257307 24.9578
-0.232676 24.9621
-0.208045 24.9663
-0.183413 24.9706
-0.158782 24.9749
-0.134151 24.9792
-0.10952 24.9835
-0.0848884 24.9877
-0.0602571 24.992
-0.0356258 24.9963
-0.0109946 25.0006
0.0136367 25.0049
0.0382591 25.0091
0.0628903 25.0134
0.0875216 25.0177
0.112153 25.022
0.126956 25.0245
0.136792 25.0263
0.161415 25.0305
0.186046 25.0348
0.210677 25.0391
0.235308 25.0434
0.25994 25.0476
0.284571 25.0519
0.309202 25.0562
0.333834 25.0605
0.358465 25.0648
0.383096 25.069
0.407727 25.0733
0.432359 25.0776
0.45699 25.0819
0.481621 25.0862
0.506252 25.0904
0.530884 25.0947
0.555515 25.099
0.580146 25.1033
0.604777 25.1075
0.629409 25.1118
0.65404 25.1161
0.678671 25.1204
0.703302 25.1247
0.727934 25.1289
0.752565 25.1332
0.777196 25.1375
0.801827 25.1418
0.826459 25.1461
0.85109 25.1503
0.875721 25.1546
0.900353 25.1589
0.924984 25.1632
0.949615 25.1675
0.974246 25.1717
0.998878 25.176
1.02351 25.1803
1.04814 25.1846
1.07277 25.1888
1.0974 25.1931
1.12203 25.1974
1.14667 25.2017
1.1713 25.206
1.19593 25.2102
1.22056 25.2145
1.24519 25.2188
1.26982 25.2231
1.29445 25.2274
1.31908 25.2316
1.34372 25.2359
1.36835 25.2402
1.39298 25.2445
1.41761 25.2488
1.44224 25.253
1.46687 25.2573
1.4915 25.2616
1.51613 25.2659
1.54077 25.2701
1.5654 25.2744
1.59002 25.2787
1.61465 25.283
1.63928 25.2873
1.66391 25.2915
1.68854 25.2958
1.71318 25.3001
1.73781 25.3044
1.76244 25.3087
1.78707 25.3129
1.8117 25.3172
1.83633 25.3215
1.86096 25.3258
1.88559 25.33
1.91023 25.3343
1.93486 25.3386
1.95949 25.3429
1.98412 25.3472
2.00875 25.3514
2.03338 25.3557
2.05801 25.36
2.08264 25.3643
2.10728 25.3686
2.13191 25.3728
2.15654 25.3771
2.18117 25.3814
2.2058 25.3857
2.23043 25.39
2.25506 25.3942
2.27969 25.3985
2.30433 25.4028
2.32896 25.4071
2.35359 25.4113
2.37822 25.4156
2.40285 25.4199
2.42748 25.4242
2.45211 25.4285
2.47674 25.4327
2.50138 25.437
2.52601 25.4413
2.55064 25.4456
2.57527 25.4499
2.5999 25.4541
2.62453 25.4584
2.64916 25.4627
2.67379 25.467
2.69843 25.4712
2.72306 25.4755
2.74769 25.4798
2.77232 25.4841
2.79695 25.4884
2.82158 25.4926
2.84621 25.4969
2.87084 25.5012
2.89548 25.5055
2.92011 25.5098
2.94474 25.514
2.96937 25.5183
2.99399 25.5226
3.01862 25.5269
3.04325 25.5312
3.03128 25.5092
3.01931 25.4873
3.00734 25.4653
2.99537 25.4434
2.98339 25.4214
2.97142 25.3995
2.95945 25.3775
2.94748 25.3556
2.9355 25.3336
2.92353 25.3117
2.91156 25.2897
2.89959 25.2678
2.88761 25.2458
2.87564 25.2239
2.86367 25.2019
2.8517 25.18
2.83973 25.1581
2.82775 25.1361
2.81578 25.1142
2.80381 25.0922
2.79184 25.0703
2.77986 25.0483
2.76789 25.0264
2.75592 25.0044
2.74395 24.9825
2.73197 24.9605
2.72 24.9386
2.70803 24.9166
2.69606 24.8947
2.68409 24.8727
2.67211 24.8508
2.66014 24.8288
2.64817 24.8069
2.6362 24.785
2.62422 24.763
2.61225 24.7411
2.60028 24.7191
2.58831 24.6972
2.57633 24.6752
2.56436 24.6533
2.55239 24.6313
2.54042 24.6094
2.52845 24.5874
2.51647 24.5655
2.5045 24.5435
2.49253 24.5216
2.48056 24.4996
2.46858 24.4777
2.45661 24.4557
2.44464 24.4338
2.43267 24.4119
2.42069 24.3899
2.40872 24.368
2.39675 24.346
2.38478 24.3241
2.37281 24.3021
2.36084 24.2802
2.34886 24.2582
2.33689 24.2363
2.32492 24.2143
2.31295 24.1924
2.30098 24.1704
2.289 24.1485
2.27703 24.1266
2.26506 24.1046
2.25309 24.0827
2.24111 24.0607
2.22914 24.0388
2.21717 24.0168
2.2052 23.9949
2.19323 23.9729
2.18125 23.951
2.16928 23.929
2.15731 23.9071
2.14534 23.8851
2.13336 23.8632
2.12139 23.8412
2.10942 23.8193
2.09745 23.7973
2.08547 23.7754
2.0735 23.7535
2.06153 23.7315
2.04956 23.7096
2.03759 23.6876
2.02561 23.6657
2.01364 23.6437
2.00884 23.6349
2.00167 23.6218
1.9897 23.5998
1.97772 23.5779
1.96575 23.5559
1.95378 23.534
1.94181 23.512
1.92983 23.4901
1.91786 23.4681
1.90589 23.4462
1.89392 23.4242
1.88195 23.4023
1.86997 23.3804
1.858 23.3584
1.84603 23.3365
1.83406 23.3145
1.82208 23.2926
1.81011 23.2706
1.79814 23.2487
1.78617 23.2267
1.77419 23.2048
1.76222 23.1828
1.75025 23.1609
1.73828 23.1389
1.72631 23.117
1.71433 23.095
1.70236 23.0731
1.69039 23.0511
1.67842 23.0292
1.66644 23.0073
1.65447 22.9853
1.6425 22.9634
1.63053 22.9414
1.61855 22.9195
1.60658 22.8975
1.59461 22.8756
1.58264 22.8536
1.57067 22.8317
1.5587 22.8097
1.54673 22.7878
1.53475 22.7658
1.52278 22.7439
1.51081 22.722
1.49884 22.7
1.48686 22.6781
1.47489 22.6561
1.46292 22.6342
1.45095 22.6122
1.43897 22.5903
1.427 22.5683
1.41503 22.5464
1.40306 22.5244
1.39109 22.5025
1.37911 22.4805
1.36714 22.4586
1.35517 22.4366
1.3432 22.4147
1.33122 22.3927
1.31925 22.3708
1.30728 22.3489
1.29531 22.3269
1.28333 22.305
1.27136 22.283
1.25939 22.2611
1.24742 22.2391
1.23545 22.2172
1.22347 22.1952
1.2115 22.1733
1.19953 22.1513
1.18756 22.1294
1.17558 22.1074
1.16361 22.0855
1.15164 22.0635
1.13967 22.0416
1.1277 22.0196
1.11572 21.9977
1.10375 21.9758
1.09178 21.9538
1.07981 21.9319
1.06783 21.9099
1.05586 21.888
1.04389 21.866
1.03192 21.8441
1.01994 21.8221
1.00797 21.8002
0.996 21.7782
0.984028 21.7563
0.972055 21.7343
0.960083 21.7124
0.948111 21.6904
0.936138 21.6685
0.924166 21.6465
0.912194 21.6246
0.900222 21.6027
0.888249 21.5807
0.876277 21.5588
0.864305 21.5368
0.852332 21.5149
0.84036 21.4929
0.828388 21.471
0.816415 21.449
0.804443 21.4271
0.792471 21.4051
0.780499 21.3832
0.768531 21.3612
0.756558 21.3393
0.744586 21.3174
0.732614 21.2954
0.720641 21.2735
0.708669 21.2515
0.696697 21.2296
0.684725 21.2076
0.672752 21.1857
0.66078 21.1637
0.648808 21.1418
0.636835 21.1198
0.624863 21.0979
0.612891 21.0759
0.600919 21.054
0.588946 21.032
0.576974 21.0101
0.565002 20.9881
0.553029 20.9662
0.541057 20.9443
0.529085 20.9223
0.517112 20.9004
0.50514 20.8784
0.493168 20.8565
0.481196 20.8345
0.469223 20.8126
0.457251 20.7906
0.445279 20.7687
0.433306 20.7467
0.421334 20.7248
0.409362 20.7028
0.39739 20.6809
0.385417 20.6589
0.373445 20.637
0.361473 20.615
0.3495 20.5931
0.337528 20.5712
0.325556 20.5492
0.313584 20.5273
0.301611 20.5053
0.289639 20.4834
0.277667 20.4614
0.265694 20.4395
0.253722 20.4175
0.24175 20.3956
0.229777 20.3736
0.217805 20.3517
0.205833 20.3297
0.193861 20.3078
0.181888 20.2858
0.169914 20.2639
0.148213 20.2763
0.126512 20.2887
0.104812 20.3011
0.083111 20.3136
0.0614104 20.326
0.0397097 20.3384
0.0180091 20.3508
-0.00369158 20.3632
-0.0253922 20.3756
-0.0470929 20.388
-0.0687935 20.4004
-0.0904942 20.4129
-0.112195 20.4253
-0.133895 20.4377
-0.155596 20.4501
-0.177297 20.4625
-0.198997 20.4749
-0.220698 20.4873
-0.242399 20.4998
-0.264099 20.5122
-0.2858 20.5246
-0.307493 20.537
-0.329193 20.5494
-0.350894 20.5618
-0.372595 20.5742
-0.394295 20.5866
-0.415996 20.5991
-0.437697 20.6115
-0.459397 20.6239
-0.481098 20.6363
-0.502799 20.6487
-0.524499 20.6611
-0.5462 20.6735
-0.567901 20.6859
-0.589601 20.6984
-0.611302 20.7108
-0.633002 20.7232
-0.654703 20.7356
-0.676404 20.748
-0.698104 20.7604
-0.719805 20.7728
-0.741506 20.7853
-0.763206 20.7977
-0.784907 20.8101
-0.806608 20.8225
-0.828308 20.8349
-0.850009 20.8473
-0.87171 20.8597
-0.89341 20.8721
-0.915111 20.8846
-0.936812 20.897
-0.958516 20.9094
-0.980216 20.9218
-1.00192 20.9342
-1.02362 20.9466
-1.04532 20.959
-1.06702 20.9715
-1.08872 20.9839
-1.11042 20.9963
-1.13211 21.0087
-1.15381 21.0211
-1.17551 21.0335
-1.19722 21.0459
-1.21892 21.0583
-1.24062 21.0708
-1.26232 21.0832
-1.28402 21.0956
-1.30572 21.108
-1.32742 21.1204
-1.34912 21.1328
-1.37082 21.1452
-1.39252 21.1576
-1.41422 21.1701
-1.43592 21.1825
-1.45762 21.1949
-1.47932 21.2073
-1.50102 21.2197
-1.52272 21.2321
-1.54443 21.2445
-1.56613 21.257
-1.58783 21.2694
-1.60953 21.2818
-1.63123 21.2942
-1.65293 21.3066
-1.67463 21.319
-1.69633 21.3314
-1.71803 21.3438
-1.73973 21.3563
-1.76143 21.3687
-1.78313 21.3811
-1.80483 21.3935
-1.82653 21.4059
-1.84823 21.4183
-1.86994 21.4307
-1.89164 21.4432
-1.91334 21.4556
-1.93504 21.468
-1.95674 21.4804
-1.97844 21.4928
-2.00014 21.5052
-2.02184 21.5176
-2.04354 21.53
-2.06524 21.5425
-2.08694 21.5549
-2.10864 21.5673
-2.13034 21.5797
-2.15204 21.5921
-2.17374 21.6045
-2.19545 21.6169
-2.21715 21.6294
-2.23885 21.6418
-2.26055 21.6542
-2.28225 21.6666
-2.30395 21.679
-2.32565 21.6914
-2.34735 21.7038
-2.36905 21.7162
-2.39075 21.7287
-2.41245 21.7411
-2.43415 21.7535
-2.45585 21.7659
-2.47755 21.7783
-2.49925 21.7907
-2.52095 21.8031
-2.54266 21.8155
-2.56436 21.828
-2.58606 21.8404
-2.60776 21.8528
-2.62945 21.8652
-2.65115 21.8776
-2.67285 21.89
-2.69455 21.9024
-2.71625 21.9149
-2.73795 21.9273
-2.75965 21.9397
-2.78135 21.9521
-2.80306 21.9645
-2.82476 21.9769
-2.84646 21.9893
-2.86816 22.0017
-2.88986 22.0142
-2.91156 22.0266
-2.93326 22.039
-2.95496 22.0514
-2.97666 22.0638
-2.99836 22.0762
-3.02006 22.0886
-3.04176 22.101
-3.06346 22.1135
-3.08516 22.1259
-3.10686 22.1383
-3.12857 22.1507
-3.15027 22.1631
-3.17197 22.1755
-3.19367 22.1879
-3.21537 22.2004
-3.23707 22.2128
-3.25877 22.2252
-3.28047 22.2376
-3.30217 22.25
